NAME : BANGALORE DISPATCH ADDRESS
COMMENT : INTER_IIT
TYPE : CVRP
DIMENSION : 215
VEHICLES : 1000
EDGE_WEIGHT_TYPE : EXPLICIT
EDGE_WEIGHT_FORMAT : FULL_MATRIX
CAPACITY : 1000
EDGE_WEIGHT_SECTION
0 2313 2777 2313 4207 2733 2301 2524 4105 2930 3924 2313 4313 3245 3871 4510 4214 3576 2900 2313 3149 3470 4207 4218 3828 3939 2658 2885 4263 3888 3072 3040 3210 3223 4206 3035 2587 3169 2587 3253 2235 3166 2897 2794 2355 3454 3454 2793 3199 1412 9116 7092 11054 10097 10188 10713 14439 10411 11073 11009 12569 9772 10997 10217 10022 9831 10336 11185 9553 10824 6483 9762 10864 11296 10547 9621 10997 10876 10702 10433 11047 10997 9952 10885 10650 10198 10981 10526 11011 9652 11037 10600 9772 10143 10421 9614 10633 11363 10606 9366 14645 10054 10274 10048 9698 9722 10054 9684 9382 10087 9684 10066 9937 10029 13058 14243 10617 10379 13453 9684 13844 13544 13706 12190 11670 13401 7919 13281 9684 11366 13401 10231 13920 14188 7749 10046 14295 13539 13624 14613 13740 13324 13672 13769 10250 16500 13570 7919 21258 25391 24934 24787 25879 25368 22066 21258 25403 22713 25403 27289 21258 18483 25403 21258 27289 25669 5150 5150 19671 16654 16249 16059 14419 16198 18242 16809 18166 20038 12028 16325 16662 18069 13208 16728 16835 17958 18892 15482 17987 13170 17998 11996 16958 17998 18548 17957 15482 19685 16059 18217 18184 16059 14524 20270 16925 16038 16331 16365 16353 17813 18548 13155 14721 19759 22401 
2313 0 721 0 1585 346 694 321 2565 2204 1979 0 2324 1247 1873 2371 1861 2206 805 0 1214 1935 1585 2454 1883 2400 505 887 2151 1981 869 2655 2339 1225 1853 832 384 1225 384 1255 1021 963 1220 591 417 1378 1378 590 1201 1740 6969 5787 9418 8461 8553 9077 13713 8775 9437 9373 10933 8136 9361 8581 8386 8195 8700 9549 7917 9188 5053 8126 9229 9660 8911 7985 9361 9241 9067 8797 9411 9361 8316 9249 9014 8563 9345 8890 9375 8016 9401 8965 8136 8508 8786 7978 8997 9727 8971 7731 13919 10223 9915 10204 10163 9706 10223 10149 9847 10256 10149 10222 9718 10185 12294 13517 9853 9615 12727 10149 13118 12818 12980 11464 12135 12675 7193 12555 10149 9730 12675 9872 13194 13462 6443 9687 13569 12813 12898 13887 13014 12598 12946 13043 9891 15774 12844 7193 20532 23756 24100 23482 24244 24534 21340 20532 23768 21987 23768 25654 20532 20283 23768 20532 25654 24034 3103 3103 18035 15928 14613 14423 12783 14563 16606 15173 16563 18402 11264 14689 15026 16433 12482 15093 15200 16355 17289 14756 16385 12444 16396 11232 15322 16395 16945 16354 14756 18049 14423 16614 16548 14423 12888 18667 15290 14402 14695 14729 14717 16177 16945 12429 13086 18123 20799 
2777 721 0 721 2143 899 1305 448 1871 2815 1658 721 2881 1804 2430 3312 2419 1512 998 721 1040 1241 2143 3012 1562 1705 665 1444 2708 1431 322 1961 1645 1782 2411 285 493 1041 493 1812 1632 552 711 180 678 1063 1063 179 1758 1819 6783 6344 10358 9401 9493 10017 14284 9715 10377 10314 11873 9076 10301 9521 9326 9135 9640 10489 8857 10128 5993 9066 10169 10601 9851 8925 10301 10181 10007 9737 10351 10301 9256 10189 9954 9503 10285 9830 10316 8957 10341 9905 9076 9448 9726 8919 9937 10667 9911 8671 14490 10780 10472 10762 10475 10263 10780 10461 10068 10813 10461 10780 10275 10743 12851 14088 10410 10172 13299 10461 13689 13389 13552 12036 12746 13247 7764 13127 10461 10670 13247 10429 13765 14033 7383 10244 14140 13384 13469 14458 13586 13170 13518 13615 10448 16345 13415 7764 21103 24696 25040 25147 25184 25474 21911 21103 24708 22559 24708 26594 21103 20855 24708 21103 26594 24974 3194 3194 18975 16500 15554 15363 13723 15503 17547 16114 17503 19342 11822 15630 15967 17373 13054 16033 16140 17295 18229 15328 17325 13016 17336 11790 16263 17335 17886 17294 15328 18989 15363 17554 17488 15363 13828 19607 16230 15342 15636 15670 15658 17118 17886 13001 14026 19063 21739 
2313 0 721 0 1585 346 694 321 2565 2204 1979 0 2324 1247 1873 2371 1861 2206 805 0 1214 1935 1585 2454 1883 2400 505 887 2151 1981 869 2655 2339 1225 1853 832 384 1225 384 1255 1021 963 1220 591 417 1378 1378 590 1201 1740 6969 5787 9418 8461 8553 9077 13713 8775 9437 9373 10933 8136 9361 8581 8386 8195 8700 9549 7917 9188 5053 8126 9229 9660 8911 7985 9361 9241 9067 8797 9411 9361 8316 9249 9014 8563 9345 8890 9375 8016 9401 8965 8136 8508 8786 7978 8997 9727 8971 7731 13919 10223 9915 10204 10163 9706 10223 10149 9847 10256 10149 10222 9718 10185 12294 13517 9853 9615 12727 10149 13118 12818 12980 11464 12135 12675 7193 12555 10149 9730 12675 9872 13194 13462 6443 9687 13569 12813 12898 13887 13014 12598 12946 13043 9891 15774 12844 7193 20532 23756 24100 23482 24244 24534 21340 20532 23768 21987 23768 25654 20532 20283 23768 20532 25654 24034 3103 3103 18035 15928 14613 14423 12783 14563 16606 15173 16563 18402 11264 14689 15026 16433 12482 15093 15200 16355 17289 14756 16385 12444 16396 11232 15322 16395 16945 16354 14756 18049 14423 16614 16548 14423 12888 18667 15290 14402 14695 14729 14717 16177 16945 12429 13086 18123 20799 
4207 1585 2143 1585 0 1402 1902 1743 4289 2760 1110 1585 962 1057 479 1204 694 3763 1262 1585 1089 3492 0 1261 1013 3930 1609 1184 816 3240 2360 4212 3896 1035 686 2323 1806 1109 1806 923 2858 2260 2517 2013 1784 1405 1405 2012 1011 3081 5764 4430 8250 7293 7385 7909 12370 7607 8269 8206 9765 6968 8193 7413 7218 7027 7532 8381 6749 8020 3885 6958 8061 8493 7743 6817 8193 8073 7899 7629 8243 8193 7148 8081 7846 7395 8177 7722 8208 6849 8233 7797 6968 7340 7618 6811 7829 8559 7803 6563 12576 8856 9193 8850 9196 8986 8856 9182 8789 8889 9182 8868 8363 8831 10937 12176 8498 8258 11385 9182 11775 11475 11640 10122 10060 11335 5850 11213 9182 8562 11335 9150 11851 12121 5275 8967 12226 11470 11557 12546 11674 11256 11606 11701 9169 14431 11503 5850 19189 22588 22932 23039 23076 23366 19999 19189 22600 20647 22600 24486 19189 18705 22600 19189 24486 22866 1897 1897 16867 14588 13446 13255 11615 13395 15439 14006 15395 17234 9910 13522 13859 15265 11142 13925 14032 15187 16121 13414 15217 11104 15228 9878 14155 15227 15778 15186 13414 16881 13255 15446 15380 13255 11720 17499 14122 13234 13528 13562 13550 15010 15778 11087 11918 16955 19631 
2733 346 899 346 1402 0 717 499 2609 2227 1884 346 2140 1063 1689 2188 1678 2250 568 346 899 1979 1402 2271 1788 2444 303 703 1967 2110 1047 2699 2383 1041 1670 1010 562 919 562 1071 1045 1141 1398 769 545 1204 1204 768 1017 1868 6823 5683 9234 8278 8369 8894 13623 8592 9253 9190 10750 7952 9178 8398 8203 8012 8517 9365 7733 9005 4870 7942 9045 9477 8728 7801 9177 9057 8883 8614 9227 9177 8132 9065 8831 8379 9161 8707 9192 7833 9217 8781 7952 8324 8602 7795 8814 9543 8787 7548 13829 10119 9811 10101 9814 9602 10119 9800 9407 10152 9800 10119 9614 10082 12190 13427 9749 9511 12638 9800 13028 12728 12891 11375 12158 12586 7103 12466 9800 9547 12586 9768 13104 13372 6259 9583 13479 12723 12808 13797 12925 12509 12857 12954 9787 15684 12754 7103 20442 23572 23916 24023 24060 24350 21250 20442 23584 21898 23584 25470 20442 20194 23584 20442 25470 23850 2956 2956 17852 15839 14430 14240 12600 14379 16423 14990 16380 18219 11161 14506 14843 16249 12393 14909 15016 16172 17106 14667 16201 12355 16212 11129 15139 16212 16762 16171 14667 17866 14240 16431 16365 14240 12705 18484 15106 14219 14512 14546 14534 15994 16762 12340 12902 17940 20615 
2301 694 1305 694 1902 717 0 905 3040 1823 2149 694 2815 1159 1964 2418 1909 2681 1007 694 1258 2410 1902 2720 2052 2875 924 764 1981 2516 1453 3130 2814 1137 1900 1416 968 1279 968 1163 641 1547 1804 1175 892 1563 1563 1174 1113 2167 7018 5411 9606 8649 8740 9265 13332 8963 9625 9561 11121 8324 9549 8769 8574 8383 8888 9737 8105 9376 4985 8314 9416 9848 9099 8173 9549 9428 9254 8985 9599 9549 8504 9437 9202 8750 9533 9078 9563 8204 9589 9152 8324 8695 8973 8166 9185 9915 9158 7700 13538 9847 9539 9828 9782 9330 9847 9768 9466 9880 9768 9846 9342 9809 11918 13136 9477 9239 12347 9768 12737 12437 12600 11084 11754 12295 6812 12175 9768 9918 12295 9496 12813 13081 6499 9311 13188 12432 12517 13506 12634 12218 12566 12663 9515 15393 12463 6812 20151 23943 23268 22224 24431 23702 20959 20151 23955 21607 23955 25841 20151 19903 23955 20151 25841 24221 2682 2682 18223 15548 14801 14611 12971 14750 16794 15361 16751 18590 10888 14877 15214 16621 12102 15280 15387 16543 17477 14376 16572 12064 16583 10856 15510 16583 17133 16542 14376 18237 14611 16802 16736 14611 13076 18855 15477 14590 14883 14917 14905 16365 17133 12049 13273 18311 20986 
2524 321 448 321 1743 499 905 0 2128 2415 1706 321 2481 1365 2030 2529 2019 1769 598 321 1088 1498 1743 2612 1610 1962 265 1005 2308 1628 596 2218 1902 1382 2011 559 111 1089 111 1373 1232 690 947 318 486 1111 1111 317 1358 1951 6885 5944 9575 8619 8710 9235 13884 8933 9594 9531 11091 8293 9519 8739 8544 8353 8858 9706 8074 9346 5211 8283 9386 9818 9069 8142 9518 9398 9224 8955 9568 9518 8473 9406 9172 8720 9502 9048 9533 8174 9558 9122 8293 8665 8943 8136 9155 9884 9128 7889 14090 10380 10072 10362 10075 9863 10380 10061 9668 10413 10061 10380 9875 10343 12451 13688 10010 9772 12899 10061 13289 12989 13152 11636 12346 12847 7364 12727 10061 9888 12847 10029 13365 13633 6600 9844 13740 12984 13069 14058 13186 12770 13118 13215 10048 15945 13015 7364 20703 23913 24257 23639 24401 24691 21511 20703 23925 22159 23925 25811 20703 20455 23925 20703 25811 24191 3018 3018 18193 16100 14771 14581 12941 14720 16764 15331 16721 18560 11422 14847 15184 16590 12654 15250 15357 16513 17447 14928 16542 12616 16553 11390 15480 16553 17103 16512 14928 18207 14581 16772 16706 14581 13046 18825 15447 14560 14853 14887 14875 16335 17103 12601 13243 18281 20956 
4105 2565 1871 2565 4289 2609 3040 2128 0 4550 3156 2565 4758 3797 4500 4557 4296 777 2678 2565 2928 697 4289 4214 3060 908 2345 3459 4735 1110 1944 1417 1101 3775 4288 1907 2173 2873 2173 3827 3368 1649 1404 2047 2406 2800 2800 2046 3751 3281 6150 8359 11604 10647 10738 11263 15951 10961 11623 11559 13119 10322 11547 10767 10572 10381 10886 11735 10103 11374 7239 10312 11414 11846 11097 10171 11547 11426 11252 10983 11597 11547 10502 11435 11200 10748 11531 11076 11561 10202 11587 11150 10322 10693 10971 10164 11183 11913 11156 9917 16157 12795 12487 12777 12490 12278 12795 12476 12083 12828 12476 12795 12290 12758 14866 16103 12425 12187 14965 12476 15356 15056 15218 13702 14481 14913 9658 14793 12476 11916 14913 12444 15432 15700 8629 12259 16155 15051 15136 16473 15601 14836 15184 15281 12463 18012 15082 9658 22770 25941 26285 26392 26429 26719 23578 22770 25953 24225 25953 27839 22770 22870 25953 22770 27839 26219 4440 4440 20221 18166 16799 16609 14969 16748 18792 17359 18749 20588 13837 16875 17212 18619 14720 17278 17385 18541 19475 16994 18570 14682 18581 13805 17508 18581 19131 18540 16994 20235 16609 18800 18734 16609 15074 20853 17475 16588 16881 16915 16903 18363 19131 14667 15271 20309 22984 
2930 2204 2815 2204 2760 2227 1823 2415 4550 0 2246 2204 1684 2807 2234 2221 2086 4191 2699 2204 2392 3920 2760 885 2150 4385 2434 2746 1745 4026 2963 4640 4324 2785 2078 2926 2478 2412 2478 1304 1525 3057 3314 2685 2402 2893 2893 2684 2761 3687 6877 3777 7734 6777 6869 7393 11696 7091 7753 7690 9249 6452 7677 6897 6702 6511 7016 7865 6233 7504 3311 6442 7545 7977 7227 6301 7677 7557 7383 7113 7727 7677 6632 7565 7330 6879 7661 7206 7692 6333 7717 7281 6452 6824 7102 6295 7313 8043 7287 5718 11902 8200 8237 8194 8240 8028 8200 8226 7833 8233 8226 8212 7708 8175 10284 11500 7843 7605 10710 8226 11101 10801 10963 9447 9407 10658 5176 10538 8226 8046 10658 8194 11177 11445 4430 8009 11552 10796 10881 11870 10997 10581 10929 11026 8213 13757 10827 5176 18515 22072 21631 20588 22560 22065 19323 18515 22084 19970 22084 23970 18515 18030 22084 18515 23970 22350 2991 2991 16351 13911 12930 12739 11099 12879 14923 13490 14846 16718 9254 13006 13343 14749 10465 13409 13516 14638 15572 12739 14668 10427 14679 9222 13639 14678 15229 14637 12739 16365 12739 14897 14864 12739 11204 16950 13606 12718 13012 13046 13034 14494 15229 10412 11402 16439 19082 
3924 1979 1658 1979 1110 1884 2149 1706 3156 2246 0 1979 1821 1134 1397 2219 1382 2823 1656 1979 1003 2552 1110 1520 315 2991 1627 1301 1675 2512 1826 3272 2956 1112 1374 1789 1805 1137 1805 1121 2846 1531 1788 1528 2144 732 732 1527 1088 3422 5593 5294 9266 8309 8400 8925 13613 8623 9285 9221 10781 7984 9209 8429 8234 8043 8548 9397 7765 9036 4901 7974 9076 9508 8759 7833 9209 9088 8914 8645 9259 9209 8164 9097 8862 8410 9193 8738 9223 7864 9249 8812 7984 8355 8633 7826 8845 9575 8818 7579 13819 9717 10057 9711 10059 9848 9717 10045 9653 9750 10045 9729 9225 9692 11801 13038 9360 9122 12627 10045 13018 12718 12880 11364 10924 12575 7320 12455 10045 9578 12575 10014 13094 13362 6291 9829 13727 12713 12798 13408 12535 12498 12846 12943 10033 15674 12744 7320 20432 23603 23947 24054 24091 24381 21240 20432 23615 21887 23615 25501 20432 19568 23615 20432 25501 23881 2102 2102 17883 15828 14461 14271 12631 14410 16454 15021 16411 18250 10771 14537 14874 16281 12382 14940 15047 16203 17137 14656 16232 12344 16243 10739 15170 16243 16793 16202 14656 17897 14271 16462 16396 14271 12736 18515 15137 14250 14543 14577 14565 16025 16793 12329 12933 17971 20646 
2313 0 721 0 1585 346 694 321 2565 2204 1979 0 2324 1247 1873 2371 1861 2206 805 0 1214 1935 1585 2454 1883 2400 505 887 2151 1981 869 2655 2339 1225 1853 832 384 1225 384 1255 1021 963 1220 591 417 1378 1378 590 1201 1740 6969 5787 9418 8461 8553 9077 13713 8775 9437 9373 10933 8136 9361 8581 8386 8195 8700 9549 7917 9188 5053 8126 9229 9660 8911 7985 9361 9241 9067 8797 9411 9361 8316 9249 9014 8563 9345 8890 9375 8016 9401 8965 8136 8508 8786 7978 8997 9727 8971 7731 13919 10223 9915 10204 10163 9706 10223 10149 9847 10256 10149 10222 9718 10185 12294 13517 9853 9615 12727 10149 13118 12818 12980 11464 12135 12675 7193 12555 10149 9730 12675 9872 13194 13462 6443 9687 13569 12813 12898 13887 13014 12598 12946 13043 9891 15774 12844 7193 20532 23756 24100 23482 24244 24534 21340 20532 23768 21987 23768 25654 20532 20283 23768 20532 25654 24034 3103 3103 18035 15928 14613 14423 12783 14563 16606 15173 16563 18402 11264 14689 15026 16433 12482 15093 15200 16355 17289 14756 16385 12444 16396 11232 15322 16395 16945 16354 14756 18049 14423 16614 16548 14423 12888 18667 15290 14402 14695 14729 14717 16177 16945 12429 13086 18123 20799 
4313 2324 2881 2324 962 2140 2815 2481 4758 1684 1821 2324 0 1527 792 818 644 4668 2000 2324 1800 4397 962 835 1724 4861 2347 1653 292 3951 3071 5117 4801 1505 636 3034 2544 1820 2544 1444 2964 2971 3228 2751 2522 2116 2116 2750 1481 4491 6050 3710 7683 6726 6817 7342 11650 7040 7702 7638 9198 6401 7626 6846 6651 6460 6965 7814 6182 7453 3260 6391 7493 7925 7176 6250 7626 7505 7331 7062 7676 7626 6581 7514 7279 6827 7610 7155 7640 6281 7666 7229 6401 6772 7050 6243 7262 7992 7235 5666 11856 8134 8473 8128 8476 8264 8134 8462 8069 8167 8462 8146 7641 8109 10217 11454 7776 7538 10665 8462 11055 10755 10918 9402 9340 10613 5130 10493 8462 7995 10613 8430 11131 11399 4378 8245 11506 10750 10835 11824 10952 10536 10884 10981 8449 13711 10781 5130 18469 22020 21586 20542 22508 22020 19277 18469 22032 19925 22032 23918 18469 17985 22032 18469 23918 22298 1313 1313 16300 13866 12878 12688 11048 12827 14871 13438 14795 16667 9188 12954 13291 14698 10420 13357 13464 14587 15521 12694 14616 10382 14627 9156 13587 14627 15177 14586 12694 16314 12688 14846 14813 12688 11153 16899 13554 12667 12960 12994 12982 14442 15177 10367 11350 16388 19030 
3245 1247 1804 1247 1057 1063 1159 1365 3797 2807 1134 1247 1527 0 1080 1574 1064 3464 923 1247 790 3193 1057 1662 1037 3631 1270 576 1358 2941 2061 3913 3597 142 1056 2024 1467 810 1467 447 1746 1961 2218 1674 1445 1106 1106 1673 94 2742 6134 4976 8621 7664 7755 8280 12916 7978 8640 8576 10136 7339 8564 7784 7589 7398 7903 8752 7120 8391 4256 7329 8431 8863 8114 7188 8564 8443 8269 8000 8614 8564 7519 8452 8217 7765 8548 8093 8578 7219 8604 8167 7339 7710 7988 7181 8200 8930 8173 6934 13122 9399 9765 9393 9767 9556 9399 9753 9361 9432 9753 9411 8907 9374 11483 12720 9042 8804 11930 9753 12321 12021 12183 10667 10606 11878 6396 11758 9753 8933 11878 9722 12397 12665 5646 9537 12772 12016 12101 13090 12217 11801 12149 12246 9741 14977 12047 6396 19735 22958 23302 23409 23446 23736 20543 19735 22970 21190 22970 24856 19735 20147 22970 19735 24856 23236 1838 1838 17238 15131 13816 13626 11986 13765 15809 14376 15766 17605 10453 13892 14229 15636 11685 14295 14402 15558 16492 13959 15587 11647 15598 10421 14525 15598 16148 15557 13959 17252 13626 15817 15751 13626 12091 17870 14492 13605 13898 13932 13920 15380 16148 11632 12288 17326 20001 
3871 1873 2430 1873 479 1689 1964 2030 4500 2234 1397 1873 792 1080 0 1004 597 4050 1549 1873 1376 3779 479 1030 1301 4218 1896 1247 555 3528 2648 4499 4183 1058 701 2611 2093 1396 2093 1211 2570 2547 2804 2300 2071 1693 1693 2299 1034 3368 5975 4260 8199 7242 7334 7858 12200 7556 8218 8155 9714 6917 8142 7362 7167 6976 7481 8330 6698 7969 3628 6907 8010 8442 7692 6766 8142 8022 7848 7578 8192 8142 7097 8030 7795 7344 8126 7671 8157 6798 8182 7746 6917 7289 7567 6760 7778 8508 7752 6183 12406 8684 9023 8678 9026 8814 8684 9012 8619 8717 9012 8696 8191 8659 10767 12004 8326 8088 11215 9012 11605 11305 11468 9952 9890 11163 5680 11043 9012 8511 11163 8980 11681 11949 4895 8795 12056 11300 11385 12374 11502 11086 11434 11531 8999 14261 11331 5680 19019 22537 22102 21955 23025 22536 19827 19019 22549 20475 22549 24435 19019 18535 22549 19019 24435 22815 2108 2108 16816 14416 13395 13204 11564 13344 15388 13955 15311 17183 9738 13471 13808 15214 10970 13874 13981 15103 16037 13244 15133 10932 15144 9706 14104 15143 15694 15102 13244 16830 13204 15362 15329 13204 11669 17415 14071 13183 13477 13511 13499 14959 15694 10917 11867 16904 19547 
4510 2371 3312 2371 1204 2188 2418 2529 4557 2221 2219 2371 818 1574 1004 0 857 4467 2048 2371 1914 4196 1204 1559 2123 4660 2395 1701 906 4037 3470 4916 4600 1552 849 3433 2592 1934 2592 1707 3161 3369 3626 3182 2570 2515 2515 3181 1528 3867 4902 4248 7485 6528 6620 7144 11833 6842 7504 7441 9000 6203 7428 6648 6453 6262 6767 7616 5984 7255 3120 6193 7296 7728 6978 6052 7428 7308 7134 6864 7478 7428 6383 7316 7081 6630 7412 6957 7443 6084 7468 7032 6203 6575 6853 6046 7064 7794 7038 5798 12039 8671 9011 8665 9013 8802 8671 8999 8607 8704 8999 8683 8179 8646 11029 11686 8314 7918 10848 8999 11238 10938 11101 9585 9878 10796 5313 10676 8999 7797 10796 8968 11314 11582 4510 8783 11738 10933 11018 12056 11184 10719 11067 11164 8987 13894 10964 5313 18652 21823 22167 22274 22311 22601 19460 18652 21835 20108 21835 23721 18652 18217 21835 18652 23721 22101 915 915 16102 14049 12681 12490 10850 12630 14674 13241 14630 16469 9725 12757 13094 14500 10603 13160 13267 14422 15356 12877 14452 10565 14463 9693 13390 14462 15013 14421 12877 16116 12490 14681 14615 12490 10955 16734 13357 12469 12763 12797 12785 14245 15013 10550 11153 16190 18866 
4214 1861 2419 1861 694 1678 1909 2019 4296 2086 1382 1861 644 1064 597 857 0 4205 1538 1861 1404 3934 694 1138 1286 4399 1885 1191 499 3775 2567 4654 4338 1042 553 2530 2082 1424 2082 1197 2865 3108 3365 2289 2060 2253 2253 2288 1018 3357 5771 4113 8052 7095 7186 7711 12053 7409 8071 8007 9567 6770 7995 7215 7020 6829 7334 8183 6551 7822 3481 6760 7862 8294 7545 6619 7995 7874 7700 7431 8045 7995 6950 7883 7648 7196 7979 7524 8009 6650 8035 7598 6770 7141 7419 6612 7631 8361 7604 6035 12259 8536 8876 8530 8878 8667 8536 8864 8472 8569 8864 8548 8044 8511 10620 11857 8179 7941 11067 8864 11458 11158 11320 9804 9743 11015 5533 10895 8864 8364 11015 8833 11534 11802 4747 8648 11909 11153 11238 12227 11354 10938 11286 11383 8852 14114 11184 5533 18872 22389 21955 21808 22877 22389 19680 18872 22401 20327 22401 24287 18872 18387 22401 18872 24287 22667 1904 1904 16669 14268 13247 13057 11417 13196 15240 13807 15164 17036 9590 13323 13660 15067 10822 13726 13833 14956 15890 13096 14985 10784 14996 9558 13956 14996 15546 14955 13096 16683 13057 15215 15182 13057 11522 17268 13923 13036 13329 13363 13351 14811 15546 10769 11719 16757 19399 
3576 2206 1512 2206 3763 2250 2681 1769 777 4191 2823 2206 4668 3464 4050 4467 4205 0 2319 2206 2595 279 3763 4632 2727 544 1986 3100 4328 717 1624 738 422 3442 4197 1587 1814 2580 1814 3468 3009 1329 1045 1727 2047 2467 2467 1726 3418 2602 6305 8000 11513 10556 10648 11172 15940 10870 11532 11469 13028 10231 11456 10676 10481 10290 10795 11644 10012 11283 7148 10221 11324 11756 11006 10080 11456 11336 11162 10892 11506 11456 10411 11344 11109 10658 11440 10985 11471 10112 11496 11060 10231 10603 10881 10074 11092 11822 11066 9826 16146 12436 12128 12418 12131 11919 12436 12117 11724 12469 12117 12436 11931 12399 14507 15744 12066 11828 14955 12117 15345 15045 15208 13692 14122 14903 9420 14783 12117 11825 14903 12085 15421 15689 8538 11900 15796 15040 15125 16114 15242 14826 15174 15271 12104 18001 15071 9420 22759 25851 26195 26302 26339 26629 23567 22759 25863 24215 25863 27749 22759 22511 25863 22759 27749 26129 4349 4349 20130 18156 16709 16518 14878 16658 18702 17269 18658 20497 13478 16785 17122 18528 14710 17188 17295 18450 19384 16984 18480 14672 18491 13446 17418 18490 19041 18449 16984 20144 16518 18709 18643 16518 14983 20762 17385 16497 16791 16825 16813 18273 19041 14657 15181 20218 22894 
2900 805 998 805 1262 568 1007 598 2678 2699 1656 805 2000 923 1549 2048 1538 2319 0 805 700 2048 1262 2131 1560 2512 519 563 1827 2178 1146 2768 2452 901 1530 1109 661 720 661 931 1517 1240 1497 868 989 1005 1005 867 877 2398 6640 5450 9094 8138 8229 8754 13390 8452 9113 9050 10610 7812 9038 8258 8063 7872 8377 9225 7593 8865 4730 7802 8905 9337 8588 7661 9037 8917 8743 8474 9087 9037 7992 8925 8691 8239 9021 8567 9052 7693 9077 8641 7812 8184 8462 7655 8674 9403 8647 7408 13596 9873 9976 9867 9979 9767 9873 9965 9572 9906 9965 9885 9381 9848 11957 13194 9516 9278 12404 9965 12795 12495 12657 11141 11919 12352 6870 12232 9965 9407 12352 9933 12871 13139 6119 9748 13246 12490 12575 13564 12691 12275 12623 12720 9952 15451 12521 6870 20209 23432 23776 23883 23920 24210 21017 20209 23444 21664 23444 25330 20209 20359 23444 20209 25330 23710 2774 2774 17712 15605 14290 14100 12460 14239 16283 14850 16240 18079 10927 14366 14703 16109 12159 14769 14876 16032 16966 14433 16061 12121 16072 10895 14999 16072 16622 16031 14433 17726 14100 16291 16225 14100 12565 18344 14966 14079 14372 14406 14394 15854 16622 12106 12762 17800 20475 
2313 0 721 0 1585 346 694 321 2565 2204 1979 0 2324 1247 1873 2371 1861 2206 805 0 1214 1935 1585 2454 1883 2400 505 887 2151 1981 869 2655 2339 1225 1853 832 384 1225 384 1255 1021 963 1220 591 417 1378 1378 590 1201 1740 6969 5787 9418 8461 8553 9077 13713 8775 9437 9373 10933 8136 9361 8581 8386 8195 8700 9549 7917 9188 5053 8126 9229 9660 8911 7985 9361 9241 9067 8797 9411 9361 8316 9249 9014 8563 9345 8890 9375 8016 9401 8965 8136 8508 8786 7978 8997 9727 8971 7731 13919 10223 9915 10204 10163 9706 10223 10149 9847 10256 10149 10222 9718 10185 12294 13517 9853 9615 12727 10149 13118 12818 12980 11464 12135 12675 7193 12555 10149 9730 12675 9872 13194 13462 6443 9687 13569 12813 12898 13887 13014 12598 12946 13043 9891 15774 12844 7193 20532 23756 24100 23482 24244 24534 21340 20532 23768 21987 23768 25654 20532 20283 23768 20532 25654 24034 3103 3103 18035 15928 14613 14423 12783 14563 16606 15173 16563 18402 11264 14689 15026 16433 12482 15093 15200 16355 17289 14756 16385 12444 16396 11232 15322 16395 16945 16354 14756 18049 14423 16614 16548 14423 12888 18667 15290 14402 14695 14729 14717 16177 16945 12429 13086 18123 20799 
3149 1214 1040 1214 1089 899 1258 1088 2928 2392 1003 1214 1800 790 1376 1914 1404 2595 700 1214 0 2324 1089 1958 907 2762 1009 580 1654 2283 1188 3044 2728 768 1396 1151 1187 162 1187 761 1848 1303 1560 910 1399 333 333 909 744 2647 6247 5316 8961 8004 8095 8620 13256 8318 8980 8916 10476 7679 8904 8124 7929 7738 8243 9092 7460 8731 4596 7669 8771 9203 8454 7528 8904 8783 8609 8340 8954 8904 7859 8792 8557 8105 8888 8433 8918 7559 8944 8507 7679 8050 8328 7521 8540 9270 8513 7274 13462 9739 10078 9733 10080 9869 9739 10066 9674 9772 10066 9751 9247 9714 11823 13060 9382 9144 12270 10066 12661 12361 12523 11007 10946 12218 6736 12098 10066 9273 12218 10035 12737 13005 5986 9850 13112 12356 12441 13430 12557 12141 12489 12586 10054 15317 12387 6736 20075 23298 23642 23749 23786 24076 20883 20075 23310 21530 23310 25196 20075 20460 23310 20075 25196 23576 2380 2380 17578 15471 14156 13966 12326 14105 16149 14716 16106 17945 10793 14232 14569 15976 12025 14635 14742 15898 16832 14299 15927 11987 15938 10761 14865 15938 16488 15897 14299 17592 13966 16157 16091 13966 12431 18210 14832 13945 14238 14272 14260 15720 16488 11972 12628 17666 20341 
3470 1935 1241 1935 3492 1979 2410 1498 697 3920 2552 1935 4397 3193 3779 4196 3934 279 2048 1935 2324 0 3492 3610 2456 531 1715 2829 4057 480 1353 762 446 3171 3926 1316 1543 2317 1543 3197 2738 1058 774 1456 1776 2196 2196 1455 3147 2626 6068 7729 11242 10285 10377 10901 15669 10599 11261 11198 12757 9960 11185 10405 10210 10019 10524 11373 9741 11012 6877 9950 11053 11485 10735 9809 11185 11065 10891 10621 11235 11185 10140 11073 10838 10387 11169 10714 11200 9841 11225 10789 9960 10332 10610 9803 10821 11551 10795 9555 15875 12165 11857 12147 11860 11648 12165 11846 11453 12198 11846 12165 11660 12128 14236 15473 11795 11557 14684 11846 15074 14774 14937 13421 13851 14632 9149 14512 11846 11554 14632 11814 15150 15418 8267 11629 15525 14769 14854 15843 14971 14555 14903 15000 11833 17730 14800 9149 22488 25580 25924 26031 26068 26358 23296 22488 25592 23944 25592 27478 22488 22240 25592 22488 27478 25858 4078 4078 19859 17885 16438 16247 14607 16387 18431 16998 18387 20226 13207 16514 16851 18257 14439 16917 17024 18179 19113 16713 18209 14401 18220 13175 17147 18219 18770 18178 16713 19873 16247 18438 18372 16247 14712 20491 17114 16226 16520 16554 16542 18002 18770 14386 14910 19947 22623 
4207 1585 2143 1585 0 1402 1902 1743 4289 2760 1110 1585 962 1057 479 1204 694 3763 1262 1585 1089 3492 0 1261 1013 3930 1609 1184 816 3240 2360 4212 3896 1035 686 2323 1806 1109 1806 923 2858 2260 2517 2013 1784 1405 1405 2012 1011 3081 5764 4430 8250 7293 7385 7909 12370 7607 8269 8206 9765 6968 8193 7413 7218 7027 7532 8381 6749 8020 3885 6958 8061 8493 7743 6817 8193 8073 7899 7629 8243 8193 7148 8081 7846 7395 8177 7722 8208 6849 8233 7797 6968 7340 7618 6811 7829 8559 7803 6563 12576 8856 9193 8850 9196 8986 8856 9182 8789 8889 9182 8868 8363 8831 10937 12176 8498 8258 11385 9182 11775 11475 11640 10122 10060 11335 5850 11213 9182 8562 11335 9150 11851 12121 5275 8967 12226 11470 11557 12546 11674 11256 11606 11701 9169 14431 11503 5850 19189 22588 22932 23039 23076 23366 19999 19189 22600 20647 22600 24486 19189 18705 22600 19189 24486 22866 1897 1897 16867 14588 13446 13255 11615 13395 15439 14006 15395 17234 9910 13522 13859 15265 11142 13925 14032 15187 16121 13414 15217 11104 15228 9878 14155 15227 15778 15186 13414 16881 13255 15446 15380 13255 11720 17499 14122 13234 13528 13562 13550 15010 15778 11087 11918 16955 19631 
4218 2454 3012 2454 1261 2271 2720 2612 4214 885 1520 2454 835 1662 1030 1559 1138 4632 2131 2454 1958 3610 1261 0 1423 4049 2478 1829 680 3570 2884 4330 4014 1640 1130 2847 2675 1978 2675 837 2241 2589 2846 2882 2653 1790 1790 2881 1616 4395 6406 4066 8039 7082 7173 7698 12006 7396 8058 7994 9554 6757 7982 7202 7007 6816 7321 8170 6538 7809 3616 6747 7849 8281 7532 6606 7982 7861 7687 7418 8032 7982 6937 7870 7635 7183 7966 7511 7996 6637 8022 7585 6757 7128 7406 6599 7618 8348 7591 6022 12212 8490 8829 8484 8832 8620 8490 8818 8425 8523 8818 8502 7997 8465 10573 11810 8132 7894 11021 8818 11411 11111 11274 9758 9696 10969 5486 10849 8818 8351 10969 8786 11487 11755 4734 8601 11862 11106 11191 12180 11308 10892 11240 11337 8805 14067 11137 5486 18825 22376 21942 20898 22864 22376 19633 18825 22388 20281 22388 24274 18825 18341 22388 18825 24274 22654 2073 2073 16656 14222 13234 13044 11404 13183 15227 13794 15151 17023 9544 13310 13647 15054 10776 13713 13820 14943 15877 13050 14972 10738 14983 9512 13943 14983 15533 14942 13050 16670 13044 15202 15169 13044 11509 17255 13910 13023 13316 13350 13338 14798 15533 10723 11706 16744 19386 
3828 1883 1562 1883 1013 1788 2052 1610 3060 2150 315 1883 1724 1037 1301 2123 1286 2727 1560 1883 907 2456 1013 1423 0 2894 1531 1204 1579 2415 1730 3176 2860 1015 1278 1693 1709 1041 1709 1024 2749 1435 1692 1432 2048 636 636 1431 991 3325 5429 5197 9169 8212 8304 8828 13516 8526 9188 9125 10684 7887 9112 8332 8137 7946 8451 9300 7668 8939 4804 7877 8980 9412 8662 7736 9112 8992 8818 8548 9162 9112 8067 9000 8765 8314 9096 8641 9127 7768 9152 8716 7887 8259 8537 7730 8748 9478 8722 7482 13722 9621 9960 9615 9963 9751 9621 9949 9556 9654 9949 9633 9128 9596 11704 12941 9263 9025 12531 9949 12921 12621 12784 11268 10827 12479 7223 12359 9949 9481 12479 9917 12997 13265 6194 9732 13630 12616 12701 13311 12439 12402 12750 12847 9936 15577 12647 7223 20335 23507 23851 23958 23995 24285 21143 20335 23519 21791 23519 25405 20335 19472 23519 20335 25405 23785 2005 2005 17786 15732 14365 14174 12534 14314 16358 14925 16314 18153 10675 14441 14778 16184 12286 14844 14951 16106 17040 14560 16136 12248 16147 10643 15074 16146 16697 16105 14560 17800 14174 16365 16299 14174 12639 18418 15041 14153 14447 14481 14469 15929 16697 12233 12837 17874 20550 
3939 2400 1705 2400 3930 2444 2875 1962 908 4385 2991 2400 4861 3631 4218 4660 4399 544 2512 2400 2762 531 3930 4049 2894 0 2179 3294 4496 944 1778 1196 880 3609 4391 1741 2007 2700 2007 3662 3202 1483 1238 1881 2240 2634 2634 1880 3585 3060 6533 8194 11707 10750 10841 11366 16134 11064 11726 11662 13222 10425 11650 10870 10675 10484 10989 11838 10206 11477 7342 10415 11517 11949 11200 10274 11650 11529 11355 11086 11700 11650 10605 11538 11303 10851 11634 11179 11664 10305 11690 11253 10425 10796 11074 10267 11286 12016 11259 10020 16340 12630 12322 12611 12324 12113 12630 12310 11918 12663 12310 12629 12125 12592 14701 15938 12260 12022 15148 12310 15539 15239 15401 13885 14316 15096 9614 14976 12310 12019 15096 12279 15615 15883 8732 12094 15990 15234 15319 16308 15435 15019 15367 15464 12298 18195 15265 9614 22953 26044 26388 26495 26532 26822 23761 22953 26056 24408 26056 27942 22953 22704 26056 22953 27942 26322 4543 4543 20324 18349 16902 16712 15072 16851 18895 17462 18852 20691 13671 16978 17315 18722 14903 17381 17488 18644 19578 17177 18673 14865 18684 13639 17611 18684 19234 18643 17177 20338 16712 18903 18837 16712 15177 20956 17578 16691 16984 17018 17006 18466 19234 14850 15374 20412 23087 
2658 505 665 505 1609 303 924 265 2345 2434 1627 505 2347 1270 1896 2395 1885 1986 519 505 1009 1715 1609 2478 1531 2179 0 910 2174 1845 813 2435 2119 1248 1877 776 328 1010 328 1278 1252 907 1164 535 689 1032 1032 534 1224 2086 6798 5890 9441 8485 8576 9101 13830 8799 9460 9397 10957 8159 9385 8605 8410 8219 8724 9572 7940 9212 5077 8149 9252 9684 8935 8008 9384 9264 9090 8821 9434 9384 8339 9272 9038 8586 9368 8914 9399 8040 9424 8988 8159 8531 8809 8002 9021 9750 8994 7755 14036 10326 10018 10308 10021 9809 10326 10007 9614 10359 10007 10326 9821 10289 12397 13634 9956 9718 12845 10007 13235 12935 13098 11582 12365 12793 7310 12673 10007 9754 12793 9975 13311 13579 6466 9790 13686 12930 13015 14004 13132 12716 13064 13161 9994 15891 12961 7310 20649 23779 24123 24230 24267 24557 21457 20649 23791 22105 23791 25677 20649 20401 23791 20649 25677 24057 2931 2931 18059 16046 14637 14447 12807 14586 16630 15197 16587 18426 11368 14713 15050 16456 12600 15116 15223 16379 17313 14874 16408 12562 16419 11336 15346 16419 16969 16378 14874 18073 14447 16638 16572 14447 12912 18691 15313 14426 14719 14753 14741 16201 16969 12547 13109 18147 20822 
2885 887 1444 887 1184 703 764 1005 3459 2746 1301 887 1653 576 1247 1701 1191 3100 563 887 580 2829 1184 1829 1204 3294 910 0 1525 2655 1592 3549 3233 554 1183 1555 1107 600 1107 584 1584 1686 1943 1314 1085 885 885 1313 530 2382 6301 5102 8747 7790 7882 8406 13042 8104 8766 8703 10262 7465 8690 7910 7715 7524 8029 8878 7246 8517 4382 7455 8558 8990 8240 7314 8690 8570 8396 8126 8740 8690 7645 8578 8343 7892 8674 8219 8705 7346 8730 8294 7465 7837 8115 7308 8326 9056 8300 7060 13248 9526 9704 9520 9706 9495 9526 9692 9300 9559 9692 9538 9033 9501 11609 12846 9168 8930 12057 9692 12447 12147 12310 10794 11647 12005 6522 11885 9692 9059 12005 9661 12523 12791 5772 9476 12898 12142 12227 13216 12344 11928 12276 12373 9680 15103 12173 6522 19861 23085 23429 23536 23573 23863 20669 19861 23097 21317 23097 24983 19861 20086 23097 19861 24983 23363 1965 1965 17364 15258 13943 13752 12112 13892 15936 14503 15892 17731 10580 14019 14356 15762 11812 14422 14529 15684 16618 14086 15714 11774 15725 10548 14652 15724 16275 15683 14086 17378 13752 15943 15877 13752 12217 17996 14619 13731 14025 14059 14047 15507 16275 11759 12415 17452 20128 
4263 2151 2708 2151 816 1967 1981 2308 4735 1745 1675 2151 292 1358 555 906 499 4328 1827 2151 1654 4057 816 680 1579 4496 2174 1525 0 3806 2926 4777 4461 1336 602 2889 2371 1674 2371 973 2914 2825 3082 2578 2349 1971 1971 2577 1312 3646 6112 3772 7744 6787 6879 7403 11712 7101 7763 7700 9259 6462 7687 6907 6712 6521 7026 7875 6243 7514 3321 6452 7555 7987 7237 6311 7687 7567 7393 7123 7737 7687 6642 7575 7340 6889 7671 7216 7702 6343 7727 7291 6462 6834 7112 6305 7323 8053 7297 5728 11918 8195 8535 8189 8537 8326 8195 8523 8131 8228 8523 8207 7703 8170 10279 11516 7838 7600 10726 8523 11117 10817 10979 9463 9402 10674 5192 10554 8523 8056 10674 8492 11193 11461 4440 8307 11568 10812 10897 11886 11013 10597 10945 11042 8511 13773 10843 5192 18531 22082 21647 20604 22570 22081 19339 18531 22094 19986 22094 23980 18531 18046 22094 18531 23980 22360 1401 1401 16361 13927 12940 12749 11109 12889 14933 13500 14856 16728 9249 13016 13353 14759 10481 13419 13526 14648 15582 12755 14678 10443 14689 9217 13649 14688 15239 14647 12755 16375 12749 14907 14874 12749 11214 16960 13616 12728 13022 13056 13044 14504 15239 10428 11412 16449 19092 
3888 1981 1431 1981 3240 2110 2516 1628 1110 4026 2512 1981 3951 2941 3528 4037 3775 717 2178 1981 2283 480 3240 3570 2415 944 1845 2655 3806 0 1312 1200 884 2919 3767 1275 1673 2269 1673 3023 2843 1017 973 1415 1977 2155 2155 1414 2895 3064 6081 7555 11083 10126 10218 10742 15495 10440 11102 11039 12598 9801 11026 10246 10051 9860 10365 11214 9582 10853 6718 9791 10894 11326 10576 9650 11026 10906 10732 10462 11076 11026 9981 10914 10679 10228 11010 10555 11041 9682 11066 10630 9801 10173 10451 9644 10662 11392 10636 9396 15701 11991 11683 11973 11686 11474 11991 11672 11279 12024 11672 11991 11486 11954 14062 15299 11621 11383 14510 11672 14900 14600 14763 13247 13957 14458 8975 14338 11672 11395 14458 11640 14976 15244 8108 11455 15351 14595 14680 15669 14797 14381 14729 14826 11659 17556 14626 8975 22314 25421 25765 25872 25909 26199 23122 22314 25433 23770 25433 27319 22314 22066 25433 22314 27319 25699 3919 3919 19700 17711 16279 16088 14448 16228 18272 16839 18228 20067 13033 16355 16692 18098 14265 16758 16865 18020 18954 16539 18050 14227 18061 13001 16988 18060 18611 18019 16539 19714 16088 18279 18213 16088 14553 20332 16955 16067 16361 16395 16383 17843 18611 14212 14751 19788 22464 
3072 869 322 869 2360 1047 1453 596 1944 2963 1826 869 3071 2061 2648 3470 2567 1624 1146 869 1188 1353 2360 2884 1730 1778 813 1592 2926 1312 0 2073 1757 2039 2559 0 641 1189 641 1960 1780 319 576 328 901 1211 1211 327 2015 2054 6751 6492 10516 9559 9651 10175 14432 9873 10535 10472 12031 9234 10459 9679 9484 9293 9798 10647 9015 10286 6151 9224 10327 10759 10009 9083 10459 10339 10165 9895 10509 10459 9414 10347 10112 9661 10443 9988 10474 9115 10499 10063 9234 9606 9884 9077 10095 10825 10069 8829 14638 10928 10620 10910 10623 10411 10928 10609 10216 10961 10609 10928 10423 10891 12999 14236 10558 10320 13447 10609 13837 13537 13700 12184 12894 13395 7912 13275 10609 10828 13395 10577 13913 14181 7541 10392 14288 13532 13617 14606 13734 13318 13666 13763 10596 16493 13563 7912 21251 24854 25198 25305 25342 25632 22059 21251 24866 22707 24866 26752 21251 21003 24866 21251 26752 25132 3352 3352 19133 16648 15712 15521 13881 15661 17705 16272 17661 19500 11970 15788 16125 17531 13202 16191 16298 17453 18387 15476 17483 13164 17494 11938 16421 17493 18044 17452 15476 19147 15521 17712 17646 15521 13986 19765 16388 15500 15794 15828 15816 17276 18044 13149 14184 19221 21897 
3040 2655 1961 2655 4212 2699 3130 2218 1417 4640 3272 2655 5117 3913 4499 4916 4654 738 2768 2655 3044 762 4212 4330 3176 1196 2435 3549 4777 1200 2073 0 390 3891 4646 2036 2263 3037 2263 3917 3458 1778 1494 2176 2496 2916 2916 2175 3867 2084 6788 8449 11962 11005 11097 11621 16389 11319 11981 11918 13477 10680 11905 11125 10930 10739 11244 12093 10461 11732 7597 10670 11773 12205 11455 10529 11905 11785 11611 11341 11955 11905 10860 11793 11558 11107 11889 11434 11920 10561 11945 11509 10680 11052 11330 10523 11541 12271 11515 10275 16595 12977 12652 12971 12415 12443 12977 12401 12099 13010 12401 12989 12380 12952 14956 16193 12515 12277 15404 12401 15794 15494 15657 14141 14386 15352 9869 15232 12401 12274 15352 12609 15870 16138 8987 12424 16245 15489 15574 16563 15691 15275 15623 15720 12628 18450 15520 9869 23208 26300 26644 26751 26788 27078 24016 23208 26312 24664 26312 28198 23208 21430 26312 23208 28198 26578 4798 4798 20579 18605 17158 16967 15327 17107 19151 17718 19107 20946 13927 17234 17571 18977 15159 17637 17744 18899 19833 17433 18929 15121 18940 13895 17867 18939 19490 18898 17433 20593 16967 19158 19092 16967 15432 21211 17834 16946 17240 17274 17262 18722 19490 15106 15630 20667 23343 
3210 2339 1645 2339 3896 2383 2814 1902 1101 4324 2956 2339 4801 3597 4183 4600 4338 422 2452 2339 2728 446 3896 4014 2860 880 2119 3233 4461 884 1757 390 0 3575 4330 1720 1947 2721 1947 3601 3142 1462 1178 1860 2180 2600 2600 1859 3551 2254 6472 8133 11646 10689 10781 11305 16073 11003 11665 11602 13161 10364 11589 10809 10614 10423 10928 11777 10145 11416 7281 10354 11457 11889 11139 10213 11589 11469 11295 11025 11639 11589 10544 11477 11242 10791 11573 11118 11604 10245 11629 11193 10364 10736 11014 10207 11225 11955 11199 9959 16279 12569 12261 12551 12267 12052 12569 12253 11951 12602 12253 12569 12064 12532 14640 15877 12199 11961 15088 12253 15478 15178 15341 13825 14239 15036 9553 14916 12253 11958 15036 12218 15554 15822 8671 12033 15929 15173 15258 16247 15375 14959 15307 15404 12237 18134 15204 9553 22892 25984 26328 26435 26472 26762 23700 22892 25996 24348 25996 27882 22892 23163 25996 22892 27882 26262 4482 4482 20263 18289 16842 16651 15011 16791 18835 17402 18791 20630 13611 16918 17255 18661 14843 17321 17428 18583 19517 17117 18613 14805 18624 13579 17551 18623 19174 18582 17117 20277 16651 18842 18776 16651 15116 20895 17518 16630 16924 16958 16946 18406 19174 14790 15314 20351 23027 
