NAME : MODEL_DELIVERY
COMMENT : INTER_IIT
TYPE : CVRP
DIMENSION : 12
VEHICLES : 5
EDGE_WEIGHT_TYPE : EXPLICIT
EDGE_WEIGHT_FORMAT : FULL_MATRIX
CAPACITY : 20
EDGE_WEIGHT_SECTION
0 4626 3432 19790 17666 20494 22365 20126 21635 10276 13681 39341 
4626 0 1409 16932 14287 17225 23258 20491 19833 6206 11071 36072 
3432 1409 0 16478 14354 17620 22517 19760 19102 7065 10340 36467 
19790 16932 16478 0 10033 7340 26294 21647 21851 12941 12219 29325 
17666 14287 14354 10033 0 8256 21207 15973 16195 10296 6545 24219 
20494 17225 17620 7340 8256 0 26076 21957 21936 13234 12304 20933 
22365 23258 22517 26294 21207 26076 0 5282 5307 22790 16222 24869 
20126 20491 19760 21647 15973 21957 5282 0 1743 18893 11937 23172 
21635 19833 19102 21851 16195 21936 5307 1743 0 19567 12999 23442 
10276 6206 7065 12941 10296 13234 22790 18893 19567 0 9673 32081 
13681 11071 10340 12219 6545 12304 16222 11937 12999 9673 0 31151 
39341 36072 36467 29325 24219 20933 24869 23172 23442 32081 31151 0 
NODE_COORD_SECTION
1 129120 775745
2 129045 775855
3 129091 775857
4 128974 776357
5 129216 776278
6 129156 776481
7 129863 776072
8 129747 776046
9 129752 776034
10 129032 776027
11 129346 776078
12 129560 776930
DEMAND_SECTION
1 0
2 2
3 2
4 2
5 2
6 2
7 2
8 2
9 2
10 2
11 2
12 2
DEPOT_SECTION
1
-1
SERVICE_TIME_SECTION
1 0
2 0
3 0
4 0
5 0
6 0
7 0
8 0
9 0
10 0
11 0
12 0
TIME_WINDOW_SECTION
1 0 100000
2 0 100000
3 0 100000
4 0 100000
5 0 100000
6 0 100000
7 0 100000
8 0 100000
9 0 100000
10 0 100000
11 0 100000
12 0 100000
EOF
