NAME : BANGALORE DISPATCH ADDRESS
COMMENT : INTER_IIT
TYPE : CVRP
DIMENSION : 215
VEHICLES : 10
EDGE_WEIGHT_TYPE : EXPLICIT
EDGE_WEIGHT_FORMAT : FULL_MATRIX
CAPACITY : 1000
EDGE_WEIGHT_SECTION
0 354 415 354 517 383 369 359 516 442 583 354 552 479 569 551 521 442 410 354 427 419 516 545 539 466 386 384 582 478 459 381 405 480 516 433 398 428 398 476 419 420 409 388 336 484 484 388 463 205 1097 826 1268 1144 1152 1224 1779 1173 1269 1249 1407 1099 1259 1168 1135 1082 1171 1294 1039 1240 939 1092 1283 1281 1193 1077 1266 1292 1249 1154 1276 1266 1089 1229 1199 1137 1254 1200 1251 1137 1268 1218 1099 1136 1204 1152 1202 1282 1223 1092 1700 1465 1400 1465 1293 1310 1465 1284 1208 1487 1284 1465 1379 1447 1566 1695 1476 1313 1564 1284 1634 1574 1600 1439 1538 1561 1019 1582 1284 1633 1561 1369 1645 1676 946 1370 1696 1570 1605 1721 1616 1555 1575 1599 1382 1948 1592 1019 2363 2511 2514 2487 2601 2573 2501 2363 2551 2544 2551 2827 2363 2214 2551 2363 2827 2576 614 614 1992 2013 1683 1669 1521 1711 1849 1736 1820 1986 1531 1690 1745 1777 1847 1720 1714 1753 1975 1758 1784 1820 1793 1508 1763 1781 1838 1751 1758 2165 1668 1862 1900 1669 1851 1991 1764 1643 1666 1674 1675 1927 1838 1814 1655 2181 2421 
354 0 142 0 324 128 171 82 336 370 336 0 447 283 373 388 330 278 175 0 216 242 323 458 292 286 115 189 460 271 181 325 296 284 325 155 121 214 121 280 242 143 189 111 93 252 252 111 267 250 915 754 1157 1033 1041 1113 1705 1062 1158 1138 1296 988 1148 1057 1024 971 1060 1183 928 1129 819 981 1172 1170 1082 966 1155 1181 1138 1043 1165 1155 978 1118 1088 1026 1143 1089 1140 1026 1157 1107 988 1025 1093 1041 1091 1171 1112 1009 1626 1479 1359 1478 1337 1300 1479 1328 1252 1501 1328 1478 1361 1461 1494 1621 1405 1242 1490 1328 1560 1500 1526 1365 1582 1487 945 1508 1328 1522 1487 1328 1571 1602 859 1329 1622 1496 1531 1647 1542 1481 1501 1525 1341 1874 1518 945 2289 2400 2427 2415 2490 2487 2427 2289 2440 2470 2440 2716 2289 2283 2440 2289 2716 2465 413 413 1881 1939 1572 1558 1410 1600 1738 1625 1709 1875 1460 1579 1634 1666 1773 1609 1603 1642 1864 1684 1673 1746 1682 1437 1652 1670 1727 1640 1684 2054 1557 1751 1789 1558 1740 1880 1653 1532 1555 1563 1564 1816 1727 1740 1544 2070 2310 
415 142 0 142 368 170 236 94 283 436 286 142 491 327 417 409 374 225 196 142 188 189 367 502 242 233 130 233 504 223 107 272 243 328 369 81 131 182 131 324 308 99 145 62 129 203 203 62 311 290 893 798 1178 1054 1062 1134 1752 1083 1179 1159 1317 1009 1169 1078 1045 992 1081 1204 949 1150 840 1002 1193 1191 1103 987 1176 1202 1159 1064 1186 1176 999 1139 1109 1047 1164 1110 1161 1047 1178 1128 1009 1046 1114 1062 1112 1192 1133 1030 1673 1523 1403 1522 1402 1344 1523 1393 1308 1545 1393 1522 1405 1505 1538 1668 1449 1286 1537 1393 1607 1547 1573 1412 1647 1534 992 1555 1393 1543 1534 1372 1618 1649 880 1373 1669 1543 1578 1694 1589 1528 1548 1572 1385 1921 1565 992 2336 2421 2448 2446 2511 2508 2474 2336 2461 2517 2461 2737 2336 2330 2461 2336 2737 2486 400 400 1902 1986 1593 1579 1431 1621 1759 1646 1730 1896 1504 1600 1655 1687 1820 1630 1624 1663 1885 1731 1694 1793 1703 1481 1673 1691 1748 1661 1731 2075 1578 1772 1810 1579 1761 1901 1674 1553 1576 1584 1585 1837 1748 1787 1565 2091 2331 
354 0 142 0 324 128 171 82 336 370 336 0 447 283 373 388 330 278 175 0 216 242 323 458 292 286 115 189 460 271 181 325 296 284 325 155 121 214 121 280 242 143 189 111 93 252 252 111 267 250 915 754 1157 1033 1041 1113 1705 1062 1158 1138 1296 988 1148 1057 1024 971 1060 1183 928 1129 819 981 1172 1170 1082 966 1155 1181 1138 1043 1165 1155 978 1118 1088 1026 1143 1089 1140 1026 1157 1107 988 1025 1093 1041 1091 1171 1112 1009 1626 1479 1359 1478 1337 1300 1479 1328 1252 1501 1328 1478 1361 1461 1494 1621 1405 1242 1490 1328 1560 1500 1526 1365 1582 1487 945 1508 1328 1522 1487 1328 1571 1602 859 1329 1622 1496 1531 1647 1542 1481 1501 1525 1341 1874 1518 945 2289 2400 2427 2415 2490 2487 2427 2289 2440 2470 2440 2716 2289 2283 2440 2289 2716 2465 413 413 1881 1939 1572 1558 1410 1600 1738 1625 1709 1875 1460 1579 1634 1666 1773 1609 1603 1642 1864 1684 1673 1746 1682 1437 1652 1670 1727 1640 1684 2054 1557 1751 1789 1558 1740 1880 1653 1532 1555 1563 1564 1816 1727 1740 1544 2070 2310 
517 324 368 324 0 275 345 306 523 400 263 324 227 187 124 218 160 481 256 324 224 445 0 263 219 491 292 182 234 482 400 528 499 188 155 374 346 225 346 222 434 341 385 336 326 274 274 336 171 427 744 596 987 863 871 943 1551 892 988 968 1126 818 978 887 854 801 890 1013 758 959 649 811 1002 1000 912 796 985 1011 968 873 995 985 808 948 918 856 973 919 970 856 987 937 818 855 923 871 921 1001 942 839 1472 1322 1268 1321 1266 1208 1322 1257 1173 1344 1257 1321 1204 1304 1337 1466 1247 1084 1336 1257 1405 1346 1371 1210 1507 1333 791 1353 1257 1352 1333 1237 1416 1448 689 1238 1467 1342 1376 1492 1388 1327 1346 1371 1250 1720 1364 791 2135 2230 2257 2255 2320 2317 2272 2135 2270 2316 2270 2546 2135 2189 2270 2135 2546 2295 242 242 1711 1784 1402 1388 1240 1430 1568 1455 1539 1705 1302 1409 1464 1496 1618 1439 1433 1472 1694 1529 1503 1591 1512 1279 1482 1500 1557 1470 1529 1884 1387 1581 1619 1388 1570 1710 1483 1362 1385 1393 1394 1646 1557 1585 1374 1900 2140 
383 128 170 128 275 0 175 108 366 375 321 128 398 234 324 339 281 308 140 128 169 272 274 409 277 316 84 140 411 292 209 355 326 235 276 183 148 170 148 231 247 170 216 138 130 226 226 138 218 288 871 718 1108 984 992 1064 1672 1013 1109 1089 1247 939 1099 1008 975 922 1011 1134 879 1080 770 932 1123 1121 1033 917 1106 1132 1089 994 1116 1106 929 1069 1039 977 1094 1040 1091 977 1108 1058 939 976 1044 992 1042 1122 1063 960 1593 1443 1323 1442 1322 1264 1443 1313 1228 1465 1313 1442 1325 1425 1458 1588 1369 1206 1457 1313 1527 1467 1493 1332 1586 1454 912 1475 1313 1473 1454 1292 1538 1569 810 1293 1589 1463 1498 1614 1509 1448 1468 1492 1305 1841 1485 912 2256 2351 2378 2376 2441 2438 2394 2256 2391 2437 2391 2667 2256 2250 2391 2256 2667 2416 369 369 1832 1906 1523 1509 1361 1551 1689 1576 1660 1826 1424 1530 1585 1617 1740 1560 1554 1593 1815 1651 1624 1713 1633 1401 1603 1621 1678 1591 1651 2005 1508 1702 1740 1509 1691 1831 1604 1483 1506 1514 1515 1767 1678 1707 1495 2021 2261 
369 171 236 171 345 175 0 176 416 291 411 171 417 269 399 406 349 358 243 171 260 322 344 410 367 366 192 180 428 359 275 405 376 270 344 249 215 261 215 265 163 237 283 205 173 317 317 205 253 309 950 679 1131 1007 1015 1087 1626 1036 1132 1112 1270 962 1122 1031 998 945 1034 1157 902 1103 804 955 1146 1144 1056 940 1129 1155 1112 1017 1139 1129 952 1092 1062 1000 1117 1063 1114 1000 1131 1081 962 999 1067 1015 1065 1145 1086 953 1547 1404 1284 1403 1257 1225 1404 1248 1172 1426 1248 1403 1286 1386 1419 1541 1330 1167 1411 1248 1480 1421 1446 1285 1502 1408 866 1428 1248 1496 1408 1253 1491 1523 809 1254 1542 1417 1451 1567 1463 1402 1421 1446 1266 1795 1439 866 2210 2374 2375 2341 2464 2435 2347 2210 2414 2391 2414 2690 2210 2204 2414 2210 2690 2439 446 446 1855 1859 1546 1532 1384 1574 1712 1599 1683 1849 1385 1553 1608 1640 1693 1583 1577 1616 1838 1604 1647 1666 1656 1362 1626 1644 1701 1614 1604 2028 1531 1725 1763 1532 1714 1854 1627 1506 1529 1537 1538 1790 1701 1660 1518 2044 2284 
359 82 94 82 306 108 176 0 305 375 283 82 430 266 356 370 313 247 132 82 185 212 305 441 239 255 66 171 442 232 133 294 265 267 308 107 73 179 73 263 247 95 141 63 94 200 200 63 250 255 868 736 1139 1015 1024 1096 1691 1044 1140 1121 1278 970 1130 1039 1006 953 1043 1165 910 1112 802 963 1154 1152 1065 948 1138 1163 1120 1026 1147 1138 961 1101 1070 1009 1126 1071 1123 1008 1139 1090 970 1007 1075 1023 1073 1153 1095 992 1612 1461 1342 1461 1340 1282 1461 1331 1247 1483 1331 1460 1344 1443 1477 1606 1387 1224 1476 1331 1545 1486 1511 1350 1587 1473 931 1493 1331 1504 1473 1311 1556 1588 841 1312 1607 1482 1516 1632 1528 1467 1486 1511 1324 1860 1504 931 2275 2382 2410 2398 2472 2469 2412 2275 2422 2456 2422 2698 2275 2269 2422 2275 2698 2447 366 366 1864 1924 1555 1540 1392 1583 1720 1607 1691 1858 1442 1561 1616 1649 1758 1591 1585 1625 1846 1669 1656 1731 1665 1419 1635 1653 1709 1623 1669 2037 1539 1734 1771 1540 1722 1863 1636 1515 1538 1546 1546 1798 1709 1725 1527 2053 2293 
516 336 283 336 523 366 416 305 0 615 440 336 644 501 581 548 527 144 407 336 403 132 522 675 396 149 341 412 668 190 317 215 186 502 522 291 339 410 339 503 487 238 205 291 291 387 387 291 485 383 893 977 1317 1193 1201 1273 1922 1222 1318 1298 1456 1148 1308 1217 1184 1131 1220 1343 1088 1289 979 1141 1332 1330 1242 1126 1315 1341 1298 1203 1325 1315 1138 1278 1248 1186 1303 1249 1300 1186 1317 1267 1148 1185 1253 1201 1251 1331 1272 1169 1843 1702 1582 1701 1581 1523 1702 1572 1487 1724 1572 1701 1584 1684 1717 1847 1628 1465 1707 1572 1777 1717 1743 1582 1827 1704 1168 1725 1572 1682 1704 1551 1788 1819 1019 1552 1848 1713 1748 1873 1768 1698 1718 1742 1564 2091 1735 1168 2506 2560 2587 2585 2650 2647 2644 2506 2600 2687 2600 2876 2506 2509 2600 2506 2876 2625 539 539 2041 2156 1732 1718 1570 1760 1898 1785 1869 2035 1683 1739 1794 1826 1990 1769 1763 1802 2024 1901 1833 1963 1842 1660 1812 1830 1887 1800 1901 2214 1717 1911 1949 1718 1900 2040 1813 1692 1715 1723 1724 1976 1887 1957 1704 2230 2470 
442 370 436 370 400 375 291 375 615 0 531 370 311 416 422 364 387 557 447 370 467 522 399 213 487 565 392 389 341 558 475 604 575 417 384 449 414 468 414 387 269 436 482 404 372 522 522 404 400 485 803 480 917 793 802 874 1421 822 918 899 1056 748 908 817 784 731 821 943 688 890 609 741 932 930 843 726 916 941 898 804 925 916 739 879 848 787 904 849 901 786 917 868 748 785 853 801 851 931 873 746 1342 1206 1147 1205 1145 1087 1206 1136 1052 1228 1136 1205 1088 1188 1221 1336 1131 968 1206 1136 1275 1216 1241 1080 1391 1203 661 1223 1136 1282 1203 1116 1286 1318 595 1117 1337 1212 1246 1362 1258 1197 1216 1241 1129 1590 1234 661 2005 2160 2170 2136 2250 2230 2142 2005 2200 2186 2200 2476 2005 2059 2200 2005 2476 2225 444 444 1642 1654 1333 1318 1170 1361 1498 1385 1469 1636 1186 1339 1394 1427 1488 1369 1363 1403 1624 1399 1434 1461 1443 1163 1413 1431 1487 1401 1399 1815 1317 1512 1549 1318 1500 1641 1414 1293 1316 1324 1324 1576 1487 1455 1305 1831 2071 
583 336 286 336 263 321 411 283 440 531 0 336 392 258 312 300 279 380 290 336 185 345 262 369 87 390 269 251 399 358 296 427 398 259 274 270 325 202 325 263 499 218 261 255 347 152 152 255 242 490 753 737 1069 945 954 1026 1675 974 1070 1051 1208 900 1060 969 936 883 973 1095 840 1042 732 893 1084 1082 995 878 1068 1093 1050 956 1077 1068 891 1031 1000 939 1056 1001 1053 938 1069 1020 900 937 1005 953 1003 1083 1025 922 1596 1462 1408 1462 1407 1349 1462 1398 1313 1484 1398 1461 1344 1444 1477 1607 1388 1225 1460 1398 1529 1470 1495 1334 1647 1457 921 1477 1398 1434 1457 1377 1540 1572 771 1378 1604 1466 1500 1633 1528 1451 1470 1495 1390 1844 1488 921 2259 2312 2340 2337 2402 2399 2396 2259 2352 2440 2352 2628 2259 2329 2352 2259 2628 2377 291 291 1794 1908 1485 1470 1322 1513 1650 1537 1621 1788 1443 1491 1546 1579 1742 1521 1515 1555 1776 1653 1586 1715 1595 1420 1565 1583 1639 1553 1653 1967 1469 1664 1701 1470 1652 1793 1566 1445 1468 1476 1476 1728 1639 1709 1457 1983 2223 
354 0 142 0 324 128 171 82 336 370 336 0 447 283 373 388 330 278 175 0 216 242 323 458 292 286 115 189 460 271 181 325 296 284 325 155 121 214 121 280 242 143 189 111 93 252 252 111 267 250 915 754 1157 1033 1041 1113 1705 1062 1158 1138 1296 988 1148 1057 1024 971 1060 1183 928 1129 819 981 1172 1170 1082 966 1155 1181 1138 1043 1165 1155 978 1118 1088 1026 1143 1089 1140 1026 1157 1107 988 1025 1093 1041 1091 1171 1112 1009 1626 1479 1359 1478 1337 1300 1479 1328 1252 1501 1328 1478 1361 1461 1494 1621 1405 1242 1490 1328 1560 1500 1526 1365 1582 1487 945 1508 1328 1522 1487 1328 1571 1602 859 1329 1622 1496 1531 1647 1542 1481 1501 1525 1341 1874 1518 945 2289 2400 2427 2415 2490 2487 2427 2289 2440 2470 2440 2716 2289 2283 2440 2289 2716 2465 413 413 1881 1939 1572 1558 1410 1600 1738 1625 1709 1875 1460 1579 1634 1666 1773 1609 1603 1642 1864 1684 1673 1746 1682 1437 1652 1670 1727 1640 1684 2054 1557 1751 1789 1558 1740 1880 1653 1532 1555 1563 1564 1816 1727 1740 1544 2070 2310 
552 447 491 447 227 398 417 430 644 311 392 447 0 308 210 188 175 603 379 447 354 568 226 187 348 614 415 303 125 609 529 650 621 309 172 503 470 355 470 318 469 470 515 460 449 403 403 460 292 543 792 468 915 791 800 872 1423 820 916 897 1054 746 906 815 782 729 819 941 686 888 607 739 930 928 841 724 914 939 896 802 923 914 737 877 846 785 902 847 899 784 915 866 746 783 851 799 849 929 871 744 1344 1194 1140 1193 1138 1080 1194 1129 1045 1216 1129 1193 1076 1176 1209 1338 1119 956 1208 1129 1277 1218 1243 1082 1379 1205 663 1225 1129 1280 1205 1109 1288 1320 593 1110 1339 1214 1248 1364 1260 1199 1218 1243 1122 1592 1236 663 2007 2158 2172 2138 2248 2232 2144 2007 2198 2188 2198 2474 2007 2061 2198 2007 2474 2223 276 276 1640 1656 1331 1316 1168 1359 1496 1383 1467 1634 1174 1337 1392 1425 1490 1367 1361 1401 1622 1401 1432 1463 1441 1151 1411 1429 1485 1399 1401 1813 1315 1510 1547 1316 1498 1639 1412 1291 1314 1322 1322 1574 1485 1457 1303 1829 2069 
479 283 327 283 187 234 269 266 501 416 258 283 308 0 243 249 191 441 215 283 185 406 186 328 214 451 251 139 329 442 360 488 459 70 186 334 306 186 306 132 395 301 346 296 285 234 234 296 48 386 794 649 1018 894 902 974 1603 923 1019 999 1157 849 1009 918 885 832 921 1044 789 990 680 842 1033 1031 943 827 1016 1042 999 904 1026 1016 839 979 949 887 1004 950 1001 887 1018 968 849 886 954 902 952 1032 973 870 1524 1374 1308 1374 1307 1249 1374 1298 1213 1396 1298 1373 1256 1356 1389 1519 1300 1137 1388 1298 1458 1398 1424 1263 1559 1385 843 1406 1298 1383 1385 1277 1469 1500 720 1278 1520 1394 1429 1545 1440 1379 1399 1423 1290 1772 1416 843 2187 2261 2288 2286 2351 2348 2325 2187 2301 2368 2301 2577 2187 2235 2301 2187 2577 2326 288 288 1742 1837 1433 1419 1271 1461 1599 1486 1570 1736 1355 1440 1495 1527 1671 1470 1464 1503 1725 1582 1534 1644 1543 1332 1513 1531 1588 1501 1582 1915 1418 1612 1650 1419 1601 1741 1514 1393 1416 1424 1425 1677 1588 1638 1405 1931 2171 
569 373 417 373 124 324 399 356 581 422 312 373 210 243 0 213 183 530 305 373 274 495 123 264 268 540 341 236 194 531 449 577 548 244 179 423 396 275 396 272 489 390 435 386 375 323 323 386 227 476 802 579 1010 886 895 967 1534 915 1011 992 1149 841 1001 910 877 824 914 1036 781 983 682 834 1025 1023 936 819 1009 1034 991 897 1018 1009 832 972 941 880 997 942 994 879 1010 961 841 878 946 894 944 1024 966 839 1455 1305 1251 1304 1249 1191 1305 1240 1156 1327 1240 1304 1187 1287 1320 1449 1230 1067 1319 1240 1388 1329 1354 1193 1490 1316 774 1336 1240 1375 1316 1220 1399 1431 688 1221 1450 1325 1359 1475 1371 1310 1329 1354 1233 1703 1347 774 2118 2253 2267 2241 2343 2327 2255 2118 2293 2299 2293 2569 2118 2172 2293 2118 2569 2318 300 300 1735 1767 1426 1411 1263 1454 1591 1478 1562 1729 1285 1432 1487 1520 1601 1462 1456 1496 1717 1512 1527 1574 1536 1262 1506 1524 1580 1494 1512 1908 1410 1605 1642 1411 1593 1734 1507 1386 1409 1417 1417 1669 1580 1568 1398 1924 2164 
551 388 409 388 218 339 406 370 548 364 300 388 188 249 213 0 178 507 320 388 296 472 217 258 256 518 356 244 213 513 434 554 525 250 175 408 410 297 410 300 468 375 420 377 390 308 308 377 233 491 661 521 835 711 719 791 1437 740 836 816 974 666 826 735 702 649 738 861 606 807 497 659 850 848 760 644 833 859 816 721 843 833 656 796 766 704 821 767 818 704 835 785 666 703 771 719 769 849 790 687 1358 1246 1192 1246 1191 1133 1246 1182 1097 1268 1182 1245 1128 1228 1257 1366 1172 1000 1222 1182 1292 1232 1258 1097 1431 1219 677 1240 1182 1200 1219 1161 1303 1334 537 1162 1367 1228 1263 1392 1287 1213 1233 1257 1174 1606 1250 677 2021 2078 2105 2103 2168 2165 2159 2021 2118 2202 2118 2394 2021 2088 2118 2021 2394 2143 132 132 1559 1671 1250 1236 1088 1278 1416 1303 1387 1553 1227 1257 1312 1344 1505 1287 1281 1320 1542 1416 1351 1478 1360 1204 1330 1348 1405 1318 1416 1732 1235 1429 1467 1236 1418 1558 1331 1210 1233 1241 1242 1494 1405 1472 1222 1748 1988 
521 330 374 330 160 281 349 313 527 387 279 330 175 191 183 178 0 486 262 330 239 451 159 243 235 497 298 186 181 492 413 533 504 192 144 387 353 240 353 242 438 354 399 343 332 287 287 343 175 433 748 544 975 851 860 932 1499 880 976 957 1114 806 966 875 842 789 879 1001 746 948 647 799 990 988 901 784 974 999 956 862 983 974 797 937 906 845 962 907 959 844 975 926 806 843 911 859 909 989 931 804 1420 1270 1216 1269 1214 1156 1270 1205 1121 1292 1205 1269 1152 1252 1285 1414 1195 1032 1284 1205 1353 1294 1319 1158 1455 1281 739 1301 1205 1340 1281 1185 1364 1396 653 1186 1415 1290 1324 1440 1336 1275 1294 1319 1198 1668 1312 739 2083 2218 2232 2206 2308 2292 2220 2083 2258 2264 2258 2534 2083 2137 2258 2083 2534 2283 246 246 1700 1732 1391 1376 1228 1419 1556 1443 1527 1694 1250 1397 1452 1485 1566 1427 1421 1461 1682 1477 1492 1539 1501 1227 1471 1489 1545 1459 1477 1873 1375 1570 1607 1376 1558 1699 1472 1351 1374 1382 1382 1634 1545 1533 1363 1889 2129 
442 278 225 278 481 308 358 247 144 557 380 278 603 441 530 507 486 0 349 278 343 65 480 615 336 87 283 354 617 128 257 120 91 442 481 231 281 352 281 445 429 179 147 231 233 327 327 231 425 289 877 919 1276 1152 1161 1233 1873 1181 1277 1258 1415 1107 1267 1176 1143 1090 1180 1302 1047 1249 939 1100 1291 1289 1202 1085 1275 1300 1257 1163 1284 1275 1098 1238 1207 1146 1263 1208 1260 1145 1276 1227 1107 1144 1212 1160 1210 1290 1232 1129 1794 1644 1524 1643 1523 1465 1644 1514 1429 1666 1514 1643 1526 1626 1659 1789 1570 1407 1658 1514 1728 1668 1694 1533 1769 1655 1113 1676 1514 1641 1655 1493 1739 1770 978 1494 1790 1664 1699 1815 1710 1649 1669 1693 1506 2042 1686 1113 2457 2519 2547 2544 2609 2606 2595 2457 2559 2638 2559 2835 2457 2451 2559 2457 2835 2584 498 498 2001 2107 1692 1677 1529 1720 1857 1744 1828 1995 1625 1698 1753 1786 1941 1728 1722 1762 1983 1852 1793 1914 1802 1602 1772 1790 1846 1760 1852 2174 1676 1871 1908 1677 1859 2000 1773 1652 1675 1683 1683 1935 1846 1908 1664 2190 2430 
410 175 196 175 256 140 243 132 407 447 290 175 379 215 305 320 262 349 0 175 142 313 255 390 246 357 120 121 392 333 235 396 367 216 257 209 174 143 174 212 319 196 242 164 182 199 199 164 199 317 846 720 1089 965 973 1045 1674 994 1090 1070 1228 920 1080 989 956 903 992 1115 860 1061 751 913 1104 1102 1014 898 1087 1113 1070 975 1097 1087 910 1050 1020 958 1075 1021 1072 958 1089 1039 920 957 1025 973 1023 1103 1044 941 1595 1445 1350 1445 1348 1290 1445 1339 1255 1467 1339 1444 1327 1427 1460 1590 1371 1208 1459 1339 1529 1469 1495 1334 1616 1456 914 1477 1339 1454 1456 1319 1540 1571 791 1320 1591 1465 1500 1616 1511 1450 1470 1494 1332 1843 1487 914 2258 2332 2359 2357 2422 2419 2396 2258 2372 2439 2372 2648 2258 2277 2372 2258 2648 2397 344 344 1813 1908 1504 1490 1342 1532 1670 1557 1641 1807 1426 1511 1566 1598 1742 1541 1535 1574 1796 1653 1605 1715 1614 1403 1584 1602 1659 1572 1653 1986 1489 1683 1721 1490 1672 1812 1585 1464 1487 1495 1496 1748 1659 1709 1476 2002 2242 
354 0 142 0 324 128 171 82 336 370 336 0 447 283 373 388 330 278 175 0 216 242 323 458 292 286 115 189 460 271 181 325 296 284 325 155 121 214 121 280 242 143 189 111 93 252 252 111 267 250 915 754 1157 1033 1041 1113 1705 1062 1158 1138 1296 988 1148 1057 1024 971 1060 1183 928 1129 819 981 1172 1170 1082 966 1155 1181 1138 1043 1165 1155 978 1118 1088 1026 1143 1089 1140 1026 1157 1107 988 1025 1093 1041 1091 1171 1112 1009 1626 1479 1359 1478 1337 1300 1479 1328 1252 1501 1328 1478 1361 1461 1494 1621 1405 1242 1490 1328 1560 1500 1526 1365 1582 1487 945 1508 1328 1522 1487 1328 1571 1602 859 1329 1622 1496 1531 1647 1542 1481 1501 1525 1341 1874 1518 945 2289 2400 2427 2415 2490 2487 2427 2289 2440 2470 2440 2716 2289 2283 2440 2289 2716 2465 413 413 1881 1939 1572 1558 1410 1600 1738 1625 1709 1875 1460 1579 1634 1666 1773 1609 1603 1642 1864 1684 1673 1746 1682 1437 1652 1670 1727 1640 1684 2054 1557 1751 1789 1558 1740 1880 1653 1532 1555 1563 1564 1816 1727 1740 1544 2070 2310 
427 216 188 216 224 169 260 185 403 467 185 216 354 185 274 296 239 343 142 216 0 307 223 359 141 353 171 105 360 320 227 390 361 186 234 201 227 37 227 189 348 181 224 157 223 77 77 157 169 335 789 696 1065 941 950 1022 1651 970 1066 1047 1204 896 1056 965 932 879 969 1091 836 1038 728 889 1080 1078 991 874 1064 1089 1046 952 1073 1064 887 1027 996 935 1052 997 1049 934 1065 1016 896 933 1001 949 999 1079 1021 918 1572 1422 1360 1421 1358 1300 1422 1349 1265 1444 1349 1421 1304 1404 1437 1566 1347 1184 1436 1349 1505 1446 1471 1310 1607 1433 891 1453 1349 1430 1433 1329 1516 1548 767 1330 1567 1442 1476 1592 1488 1427 1446 1471 1342 1820 1464 891 2235 2308 2336 2333 2398 2395 2372 2235 2348 2416 2348 2624 2235 2287 2348 2235 2624 2373 287 287 1790 1884 1481 1466 1318 1509 1646 1533 1617 1784 1402 1487 1542 1575 1718 1517 1511 1551 1772 1629 1582 1691 1591 1379 1561 1579 1635 1549 1629 1963 1465 1660 1697 1466 1648 1789 1562 1441 1464 1472 1472 1724 1635 1685 1453 1979 2219 
419 242 189 242 445 272 322 212 132 522 345 242 568 406 495 472 451 65 313 242 307 0 444 580 301 82 247 318 581 92 222 112 83 407 446 196 245 316 245 410 394 143 111 196 198 291 291 196 390 280 842 883 1241 1117 1125 1197 1838 1146 1242 1222 1380 1072 1232 1141 1108 1055 1144 1267 1012 1213 903 1065 1256 1254 1166 1050 1239 1265 1222 1127 1249 1239 1062 1202 1172 1110 1227 1173 1224 1110 1241 1191 1072 1109 1177 1125 1175 1255 1196 1093 1759 1608 1489 1608 1487 1429 1608 1478 1394 1630 1478 1607 1491 1590 1624 1753 1534 1371 1623 1478 1692 1633 1658 1497 1733 1620 1078 1640 1478 1606 1620 1458 1703 1735 943 1459 1754 1629 1663 1779 1675 1614 1633 1658 1471 2007 1651 1078 2422 2484 2511 2509 2574 2571 2559 2422 2524 2603 2524 2800 2422 2416 2524 2422 2800 2549 463 463 1965 2071 1656 1642 1494 1684 1822 1709 1793 1959 1589 1663 1718 1750 1905 1693 1687 1726 1948 1816 1757 1878 1766 1566 1736 1754 1811 1724 1816 2138 1641 1835 1873 1642 1824 1964 1737 1616 1639 1647 1648 1900 1811 1872 1628 2154 2394 
516 323 367 323 0 274 344 305 522 399 262 323 226 186 123 217 159 480 255 323 223 444 0 262 218 490 291 181 233 481 399 527 498 187 154 373 345 224 345 221 433 340 384 335 325 273 273 335 170 426 743 595 986 862 870 942 1550 891 987 967 1125 817 977 886 853 800 889 1012 757 958 648 810 1001 999 911 795 984 1010 967 872 994 984 807 947 917 855 972 918 969 855 986 936 817 854 922 870 920 1000 941 838 1471 1321 1267 1320 1265 1207 1321 1256 1172 1343 1256 1320 1203 1303 1336 1465 1246 1083 1335 1256 1404 1345 1370 1209 1506 1332 790 1352 1256 1351 1332 1236 1415 1447 688 1237 1466 1341 1375 1491 1387 1326 1345 1370 1249 1719 1363 790 2134 2229 2256 2254 2319 2316 2271 2134 2269 2315 2269 2545 2134 2188 2269 2134 2545 2294 241 241 1710 1783 1401 1387 1239 1429 1567 1454 1538 1704 1301 1408 1463 1495 1617 1438 1432 1471 1693 1528 1502 1590 1511 1278 1481 1499 1556 1469 1528 1883 1386 1580 1618 1387 1569 1709 1482 1361 1384 1392 1393 1645 1556 1584 1373 1899 2139 
545 458 502 458 263 409 410 441 675 213 369 458 187 328 264 258 243 615 390 458 359 580 262 0 325 625 426 321 188 593 532 662 633 329 239 506 481 360 481 262 405 454 497 471 460 387 387 471 312 536 825 503 950 826 834 906 1457 855 951 931 1089 781 941 850 817 764 853 976 721 922 641 774 965 963 875 759 948 974 931 836 958 948 771 911 881 819 936 882 933 819 950 900 781 818 886 834 884 964 905 778 1378 1228 1174 1228 1173 1115 1228 1164 1079 1250 1164 1227 1110 1210 1243 1373 1154 991 1242 1164 1312 1252 1278 1117 1413 1239 697 1260 1164 1315 1239 1143 1323 1354 628 1144 1374 1248 1283 1399 1294 1233 1253 1277 1156 1626 1270 697 2041 2193 2207 2173 2283 2266 2179 2041 2233 2222 2233 2509 2041 2095 2233 2041 2509 2258 354 354 1674 1691 1365 1351 1203 1393 1531 1418 1502 1668 1209 1372 1427 1459 1525 1402 1396 1435 1657 1436 1466 1498 1475 1186 1445 1463 1520 1433 1436 1847 1350 1544 1582 1351 1533 1673 1446 1325 1348 1356 1357 1609 1520 1492 1337 1863 2103 
539 292 242 292 219 277 367 239 396 487 87 292 348 214 268 256 235 336 246 292 141 301 218 325 0 346 225 207 355 314 252 383 354 215 230 226 281 158 281 219 455 174 217 211 303 108 108 211 198 446 701 693 1025 901 910 982 1631 930 1026 1007 1164 856 1016 925 892 839 929 1051 796 998 688 849 1040 1038 951 834 1024 1049 1006 912 1033 1024 847 987 956 895 1012 957 1009 894 1025 976 856 893 961 909 959 1039 981 878 1552 1418 1364 1418 1363 1305 1418 1354 1269 1440 1354 1417 1300 1400 1433 1563 1344 1181 1416 1354 1485 1426 1451 1290 1603 1413 877 1433 1354 1390 1413 1333 1496 1528 727 1334 1560 1422 1456 1589 1484 1407 1426 1451 1346 1800 1444 877 2215 2268 2296 2293 2358 2355 2352 2215 2308 2396 2308 2584 2215 2285 2308 2215 2584 2333 247 247 1750 1864 1441 1426 1278 1469 1606 1493 1577 1744 1399 1447 1502 1535 1698 1477 1471 1511 1732 1609 1542 1671 1551 1376 1521 1539 1595 1509 1609 1923 1425 1620 1657 1426 1608 1749 1522 1401 1424 1432 1432 1684 1595 1665 1413 1939 2179 
466 286 233 286 491 316 366 255 149 565 390 286 614 451 540 518 497 87 357 286 353 82 490 625 346 0 291 362 627 140 267 165 136 452 492 241 289 360 289 453 437 188 155 241 241 337 337 241 435 333 889 927 1287 1163 1172 1244 1881 1192 1288 1269 1426 1118 1278 1187 1154 1101 1191 1313 1058 1260 950 1111 1302 1300 1213 1096 1286 1311 1268 1174 1295 1286 1109 1249 1218 1157 1274 1219 1271 1156 1287 1238 1118 1155 1223 1171 1221 1301 1243 1140 1802 1652 1532 1651 1531 1473 1652 1522 1437 1674 1522 1651 1534 1634 1667 1797 1578 1415 1666 1522 1736 1676 1702 1541 1777 1663 1121 1684 1522 1652 1663 1501 1747 1778 989 1502 1798 1672 1707 1823 1718 1657 1677 1701 1514 2050 1694 1121 2465 2530 2558 2555 2620 2617 2603 2465 2570 2646 2570 2846 2465 2459 2570 2465 2846 2595 509 509 2012 2115 1703 1688 1540 1731 1868 1755 1839 2006 1633 1709 1764 1797 1949 1739 1733 1773 1994 1860 1804 1922 1813 1610 1783 1801 1857 1771 1860 2185 1687 1882 1919 1688 1870 2011 1784 1663 1686 1694 1694 1946 1857 1916 1675 2201 2441 
386 115 130 115 292 84 192 66 341 392 269 115 415 251 341 356 298 283 120 115 171 247 291 426 225 291 0 157 428 267 169 330 301 252 293 143 108 165 108 248 264 130 176 98 121 186 186 98 235 282 854 735 1125 1001 1009 1081 1689 1030 1126 1106 1264 956 1116 1025 992 939 1028 1151 896 1097 787 949 1140 1138 1050 934 1123 1149 1106 1011 1133 1123 946 1086 1056 994 1111 1057 1108 994 1125 1075 956 993 1061 1009 1059 1139 1080 977 1610 1460 1340 1459 1339 1281 1460 1330 1245 1482 1330 1459 1342 1442 1475 1605 1386 1223 1474 1330 1544 1484 1510 1349 1603 1471 929 1492 1330 1490 1471 1309 1555 1586 827 1310 1606 1480 1515 1631 1526 1465 1485 1509 1322 1858 1502 929 2273 2368 2395 2393 2458 2455 2411 2273 2408 2454 2408 2684 2273 2267 2408 2273 2684 2433 352 352 1849 1923 1540 1526 1378 1568 1706 1593 1677 1843 1441 1547 1602 1634 1757 1577 1571 1610 1832 1668 1641 1730 1650 1418 1620 1638 1695 1608 1668 2022 1525 1719 1757 1526 1708 1848 1621 1500 1523 1531 1532 1784 1695 1724 1512 2038 2278 
384 189 233 189 182 140 180 171 412 389 251 189 303 139 236 244 186 354 121 189 105 318 181 321 207 362 157 0 323 355 272 401 372 140 181 246 211 106 211 136 305 233 279 201 191 162 162 201 123 292 788 644 1013 889 897 969 1598 918 1014 994 1152 844 1004 913 880 827 916 1039 784 985 675 837 1028 1026 938 822 1011 1037 994 899 1021 1011 834 974 944 882 999 945 996 882 1013 963 844 881 949 897 947 1027 968 865 1519 1369 1281 1369 1280 1222 1369 1271 1186 1391 1271 1368 1251 1351 1384 1514 1295 1132 1383 1271 1453 1393 1419 1258 1548 1380 838 1401 1271 1378 1380 1250 1464 1495 715 1251 1515 1389 1424 1540 1435 1374 1394 1418 1263 1767 1411 838 2182 2256 2283 2281 2346 2343 2320 2182 2296 2363 2296 2572 2182 2208 2296 2182 2572 2321 283 283 1737 1832 1428 1414 1266 1456 1594 1481 1565 1731 1350 1435 1490 1522 1666 1465 1459 1498 1720 1577 1529 1639 1538 1327 1508 1526 1583 1496 1577 1910 1413 1607 1645 1414 1596 1736 1509 1388 1411 1419 1420 1672 1583 1633 1400 1926 2166 
582 460 504 460 234 411 428 442 668 341 399 460 125 329 194 213 181 617 392 460 360 581 233 188 355 627 428 323 0 618 536 664 635 330 179 510 482 361 482 324 499 477 521 472 462 410 410 472 313 563 822 498 945 821 830 902 1453 850 946 927 1084 776 936 845 812 759 849 971 716 918 637 769 960 958 871 754 944 969 926 832 953 944 767 907 876 815 932 877 929 814 945 896 776 813 881 829 879 959 901 774 1374 1224 1170 1223 1168 1110 1224 1159 1075 1246 1159 1223 1106 1206 1239 1368 1149 986 1238 1159 1307 1248 1273 1112 1409 1235 693 1255 1159 1310 1235 1139 1318 1350 623 1140 1369 1244 1278 1394 1290 1229 1248 1273 1152 1622 1266 693 2037 2188 2202 2168 2278 2262 2174 2037 2228 2218 2228 2504 2037 2091 2228 2037 2504 2253 301 301 1670 1686 1361 1346 1198 1389 1526 1413 1497 1664 1204 1367 1422 1455 1520 1397 1391 1431 1652 1431 1462 1493 1471 1181 1441 1459 1515 1429 1431 1843 1345 1540 1577 1346 1528 1669 1442 1321 1344 1352 1352 1604 1515 1487 1333 1859 2099 
478 271 223 271 482 292 359 232 190 558 358 271 609 442 531 513 492 128 333 271 320 92 481 593 314 140 267 355 618 0 235 175 146 443 487 209 268 329 268 447 430 156 158 209 255 304 304 209 426 343 856 920 1282 1158 1167 1239 1875 1187 1283 1264 1421 1113 1273 1182 1149 1096 1186 1308 1053 1255 945 1106 1297 1295 1208 1091 1281 1306 1263 1169 1290 1281 1104 1244 1213 1152 1269 1214 1266 1151 1282 1233 1113 1150 1218 1166 1216 1296 1238 1135 1796 1645 1526 1645 1524 1466 1645 1515 1431 1667 1515 1644 1528 1627 1661 1790 1571 1408 1660 1515 1729 1670 1695 1534 1770 1657 1115 1677 1515 1647 1657 1495 1740 1772 984 1496 1791 1666 1700 1816 1712 1651 1670 1695 1508 2044 1688 1115 2459 2525 2553 2550 2615 2612 2596 2459 2565 2640 2565 2841 2459 2453 2565 2459 2841 2590 504 504 2007 2108 1698 1683 1535 1726 1863 1750 1834 2001 1626 1704 1759 1792 1942 1734 1728 1768 1989 1853 1799 1915 1808 1603 1778 1796 1852 1766 1853 2180 1682 1877 1914 1683 1865 2006 1779 1658 1681 1689 1689 1941 1852 1909 1670 2196 2436 
459 181 107 181 400 209 275 133 317 475 296 181 529 360 449 434 413 257 235 181 227 222 399 532 252 267 169 272 536 235 0 304 275 361 408 0 170 221 170 363 347 92 138 101 179 242 242 101 344 340 896 837 1203 1079 1088 1160 1791 1108 1204 1185 1342 1034 1194 1103 1070 1017 1107 1229 974 1176 866 1027 1218 1216 1129 1012 1202 1227 1184 1090 1211 1202 1025 1165 1134 1073 1190 1135 1187 1072 1203 1154 1034 1071 1139 1087 1137 1217 1159 1056 1712 1562 1442 1561 1441 1383 1562 1432 1347 1584 1432 1561 1444 1544 1577 1707 1488 1325 1576 1432 1646 1586 1612 1451 1686 1573 1031 1594 1432 1568 1573 1411 1657 1688 905 1412 1708 1582 1617 1733 1628 1567 1587 1611 1424 1960 1604 1031 2375 2446 2474 2471 2536 2533 2513 2375 2486 2556 2486 2762 2375 2369 2486 2375 2762 2511 425 425 1928 2025 1619 1604 1456 1647 1784 1671 1755 1922 1543 1625 1680 1713 1859 1655 1649 1689 1910 1770 1720 1832 1729 1520 1699 1717 1773 1687 1770 2101 1603 1798 1835 1604 1786 1927 1700 1579 1602 1610 1610 1862 1773 1826 1591 2117 2357 
381 325 272 325 528 355 405 294 215 604 427 325 650 488 577 554 533 120 396 325 390 112 527 662 383 165 330 401 664 175 304 0 81 489 528 278 328 399 328 492 476 226 194 278 280 374 374 278 472 225 924 966 1323 1199 1208 1280 1920 1228 1324 1305 1462 1154 1314 1223 1190 1137 1227 1349 1094 1296 986 1147 1338 1336 1249 1132 1322 1347 1304 1210 1331 1322 1145 1285 1254 1193 1310 1255 1307 1192 1323 1274 1154 1191 1259 1207 1257 1337 1279 1176 1841 1681 1562 1681 1522 1502 1681 1513 1437 1703 1513 1680 1573 1663 1706 1836 1617 1454 1705 1513 1775 1715 1741 1580 1767 1702 1160 1723 1513 1688 1702 1531 1786 1817 1025 1532 1837 1711 1746 1862 1757 1696 1716 1740 1544 2089 1733 1160 2504 2566 2594 2591 2656 2653 2642 2504 2606 2685 2606 2882 2504 2439 2606 2504 2882 2631 545 545 2048 2154 1739 1724 1576 1767 1904 1791 1875 2042 1672 1745 1800 1833 1988 1775 1769 1809 2030 1899 1840 1961 1849 1649 1819 1837 1893 1807 1899 2221 1723 1918 1955 1724 1906 2047 1820 1699 1722 1730 1730 1982 1893 1955 1711 2237 2477 
405 296 243 296 499 326 376 265 186 575 398 296 621 459 548 525 504 91 367 296 361 83 498 633 354 136 301 372 635 146 275 81 0 460 499 249 299 370 299 463 447 197 165 249 251 345 345 249 443 249 895 937 1294 1170 1179 1251 1891 1199 1295 1276 1433 1125 1285 1194 1161 1108 1198 1320 1065 1267 957 1118 1309 1307 1220 1103 1293 1318 1275 1181 1302 1293 1116 1256 1225 1164 1281 1226 1278 1163 1294 1245 1125 1162 1230 1178 1228 1308 1250 1147 1812 1662 1542 1661 1529 1483 1662 1520 1444 1684 1520 1661 1544 1644 1677 1807 1588 1425 1676 1520 1746 1686 1712 1551 1774 1673 1131 1694 1520 1659 1673 1511 1757 1788 996 1512 1808 1682 1717 1833 1728 1667 1687 1711 1524 2060 1704 1131 2475 2537 2565 2562 2627 2624 2613 2475 2577 2656 2577 2853 2475 2453 2577 2475 2853 2602 516 516 2019 2125 1710 1695 1547 1738 1875 1762 1846 2013 1643 1716 1771 1804 1959 1746 1740 1780 2001 1870 1811 1932 1820 1620 1790 1808 1864 1778 1870 2192 1694 1889 1926 1695 1877 2018 1791 1670 1693 1701 1701 1953 1864 1926 1682 2208 2448 
480 284 328 284 188 235 270 267 502 417 259 284 309 70 244 250 192 442 216 284 186 407 187 329 215 452 252 140 330 443 361 489 460 0 187 335 307 187 307 133 396 302 347 297 286 235 235 297 68 387 795 650 1019 895 903 975 1604 924 1020 1000 1158 850 1010 919 886 833 922 1045 790 991 681 843 1034 1032 944 828 1017 1043 1000 905 1027 1017 840 980 950 888 1005 951 1002 888 1019 969 850 887 955 903 953 1033 974 871 1525 1375 1309 1375 1308 1250 1375 1299 1214 1397 1299 1374 1257 1357 1390 1520 1301 1138 1389 1299 1459 1399 1425 1264 1560 1386 844 1407 1299 1384 1386 1278 1470 1501 721 1279 1521 1395 1430 1546 1441 1380 1400 1424 1291 1773 1417 844 2188 2262 2289 2287 2352 2349 2326 2188 2302 2369 2302 2578 2188 2236 2302 2188 2578 2327 289 289 1743 1838 1434 1420 1272 1462 1600 1487 1571 1737 1356 1441 1496 1528 1672 1471 1465 1504 1726 1583 1535 1645 1544 1333 1514 1532 1589 1502 1583 1916 1419 1613 1651 1420 1602 1742 1515 1394 1417 1425 1426 1678 1589 1639 1406 1932 2172 
516 325 369 325 155 276 344 308 522 384 274 325 172 186 179 175 144 481 257 325 234 446 154 239 230 492 293 181 179 487 408 528 499 187 0 382 348 235 348 237 433 349 394 338 327 282 282 338 170 428 743 541 972 848 856 928 1495 877 973 953 1111 803 963 872 839 786 875 998 743 944 643 796 987 985 897 781 970 996 953 858 980 970 793 933 903 841 958 904 955 841 972 922 803 840 908 856 906 986 927 800 1416 1266 1212 1266 1211 1153 1266 1202 1117 1288 1202 1265 1148 1248 1281 1411 1192 1029 1280 1202 1350 1290 1316 1155 1451 1277 735 1298 1202 1337 1277 1181 1361 1392 650 1182 1412 1286 1321 1437 1332 1271 1291 1315 1194 1664 1308 735 2079 2215 2229 2202 2305 2288 2217 2079 2255 2260 2255 2531 2079 2133 2255 2079 2531 2280 241 241 1696 1729 1387 1373 1225 1415 1553 1440 1524 1690 1247 1394 1449 1481 1563 1424 1418 1457 1679 1474 1488 1536 1497 1224 1467 1485 1542 1455 1474 1869 1372 1566 1604 1373 1555 1695 1468 1347 1370 1378 1379 1631 1542 1530 1359 1885 2125 
433 155 81 155 374 183 249 107 291 449 270 155 503 334 423 408 387 231 209 155 201 196 373 506 226 241 143 246 510 209 0 278 249 335 382 0 144 195 144 337 321 66 112 75 153 216 216 75 318 314 870 811 1177 1053 1062 1134 1765 1082 1178 1159 1316 1008 1168 1077 1044 991 1081 1203 948 1150 840 1001 1192 1190 1103 986 1176 1201 1158 1064 1185 1176 999 1139 1108 1047 1164 1109 1161 1046 1177 1128 1008 1045 1113 1061 1111 1191 1133 1030 1686 1536 1416 1535 1415 1357 1536 1406 1321 1558 1406 1535 1418 1518 1551 1681 1462 1299 1550 1406 1620 1560 1586 1425 1660 1547 1005 1568 1406 1542 1547 1385 1631 1662 879 1386 1682 1556 1591 1707 1602 1541 1561 1585 1398 1934 1578 1005 2349 2420 2448 2445 2510 2507 2487 2349 2460 2530 2460 2736 2349 2343 2460 2349 2736 2485 399 399 1902 1999 1593 1578 1430 1621 1758 1645 1729 1896 1517 1599 1654 1687 1833 1629 1623 1663 1884 1744 1694 1806 1703 1494 1673 1691 1747 1661 1744 2075 1577 1772 1809 1578 1760 1901 1674 1553 1576 1584 1584 1836 1747 1800 1565 2091 2331 
398 121 131 121 346 148 215 73 339 414 325 121 470 306 396 410 353 281 174 121 227 245 345 481 281 289 108 211 482 268 170 328 299 307 348 144 0 221 0 303 286 132 178 100 128 242 242 100 290 294 910 776 1179 1055 1064 1136 1731 1084 1180 1161 1318 1010 1170 1079 1046 993 1083 1205 950 1152 842 1003 1194 1192 1105 988 1178 1203 1160 1066 1187 1178 1001 1141 1110 1049 1166 1111 1163 1048 1179 1130 1010 1047 1115 1063 1113 1193 1135 1032 1652 1501 1382 1501 1380 1322 1501 1371 1287 1523 1371 1500 1384 1483 1517 1646 1427 1264 1516 1371 1585 1526 1551 1390 1626 1513 971 1533 1371 1544 1513 1351 1596 1628 881 1352 1647 1522 1556 1672 1568 1507 1526 1551 1364 1900 1544 971 2315 2422 2450 2438 2512 2509 2452 2315 2462 2496 2462 2738 2315 2309 2462 2315 2738 2487 408 408 1904 1964 1595 1580 1432 1623 1760 1647 1731 1898 1482 1601 1656 1689 1798 1631 1625 1665 1886 1709 1696 1771 1705 1459 1675 1693 1749 1663 1709 2077 1579 1774 1811 1580 1762 1903 1676 1555 1578 1586 1586 1838 1749 1765 1567 2093 2333 
428 214 182 214 225 170 261 179 410 468 202 214 355 186 275 297 240 352 143 214 37 316 224 360 158 360 165 106 361 329 221 399 370 187 235 195 221 0 221 190 349 186 232 151 220 94 94 151 170 336 798 697 1066 942 951 1023 1652 971 1067 1048 1205 897 1057 966 933 880 970 1092 837 1039 729 890 1081 1079 992 875 1065 1090 1047 953 1074 1065 888 1028 997 936 1053 998 1050 935 1066 1017 897 934 1002 950 1000 1080 1022 919 1573 1423 1361 1422 1359 1301 1423 1350 1266 1445 1350 1422 1305 1405 1438 1567 1348 1185 1437 1350 1506 1447 1472 1311 1608 1434 892 1454 1350 1431 1434 1330 1517 1549 768 1331 1568 1443 1477 1593 1489 1428 1447 1472 1343 1821 1465 892 2236 2309 2337 2334 2399 2396 2373 2236 2349 2417 2349 2625 2236 2288 2349 2236 2625 2374 296 296 1791 1885 1482 1467 1319 1510 1647 1534 1618 1785 1403 1488 1543 1576 1719 1518 1512 1552 1773 1630 1583 1692 1592 1380 1562 1580 1636 1550 1630 1964 1466 1661 1698 1467 1649 1790 1563 1442 1465 1473 1473 1725 1636 1686 1454 1980 2220 
398 121 131 121 346 148 215 73 339 414 325 121 470 306 396 410 353 281 174 121 227 245 345 481 281 289 108 211 482 268 170 328 299 307 348 144 0 221 0 303 286 132 178 100 128 242 242 100 290 294 910 776 1179 1055 1064 1136 1731 1084 1180 1161 1318 1010 1170 1079 1046 993 1083 1205 950 1152 842 1003 1194 1192 1105 988 1178 1203 1160 1066 1187 1178 1001 1141 1110 1049 1166 1111 1163 1048 1179 1130 1010 1047 1115 1063 1113 1193 1135 1032 1652 1501 1382 1501 1380 1322 1501 1371 1287 1523 1371 1500 1384 1483 1517 1646 1427 1264 1516 1371 1585 1526 1551 1390 1626 1513 971 1533 1371 1544 1513 1351 1596 1628 881 1352 1647 1522 1556 1672 1568 1507 1526 1551 1364 1900 1544 971 2315 2422 2450 2438 2512 2509 2452 2315 2462 2496 2462 2738 2315 2309 2462 2315 2738 2487 408 408 1904 1964 1595 1580 1432 1623 1760 1647 1731 1898 1482 1601 1656 1689 1798 1631 1625 1665 1886 1709 1696 1771 1705 1459 1675 1693 1749 1663 1709 2077 1579 1774 1811 1580 1762 1903 1676 1555 1578 1586 1586 1838 1749 1765 1567 2093 2333 
