NAME : BANGALORE DISPATCH ADDRESS
COMMENT : INTER_IIT
TYPE : CVRP
DIMENSION : 215
VEHICLES : 10
EDGE_WEIGHT_TYPE : EXPLICIT
EDGE_WEIGHT_FORMAT : FULL_MATRIX
CAPACITY : 50
EDGE_WEIGHT_SECTION
0 2313 2099 2313 4207 2741 2301 2524 3565 3872 3960 3170 4206 3245 3871 4510 4214 3952 2903 3170 3149 3470 4207 4218 3860 3939 2653 2741 4263 3888 3792 3040 3210 3223 3822 3370 3301 3301 2769 3301 2529 2790 3578 2109 2990 3482 2769 2965 3199 5339 9894 9088 9931 10097 10413 10713 11360 10411 11073 11009 70210 9931 10997 10112 10294 9831 10336 11185 9553 10824 10325 10437 11464 10984 10527 9757 10997 10856 11387 9646 10997 10997 9755 10905 10650 11063 10981 10526 9838 9818 10906 10600 10255 10602 9964 10737 9751 11363 10856 9771 11411 10063 10815 10768 9698 9722 10054 9684 16572 10087 11237 10066 9937 10029 12644 13502 10059 13685 13453 9684 14068 13544 13853 10956 14499 13733 13172 8697 11237 20069 13733 10788 13920 20069 13624 10864 14387 13539 13570 13808 13833 13159 13672 13700 10765 16619 13570 13074 21258 24792 24934 24787 25713 25414 22066 21258 24796 20513 24796 27281 21258 18482 24796 21258 27281 24796 19028 5138 19671 15966 16056 16291 14398 16168 18139 16809 18199 10651 18031 10227 17032 18302 21056 16728 17033 18031 18925 15482 18112 10022 18903 15865 17544 18031 19206 18010 15482 19652 16059 18250 18184 15988 14524 20616 16925 15990 16331 16365 16353 20311 16408 13155 14721 19726 18112 
2313 0 885 0 1585 354 694 321 2025 1874 2015 967 1853 1247 1873 2371 1861 2412 1226 967 1214 1935 1585 2454 1862 2400 500 769 2151 1981 2438 2655 2339 1225 1700 2630 1303 1303 566 1303 903 587 2038 1168 567 1648 566 542 1201 6702 8465 7398 8296 8461 8777 9077 9930 8775 9437 9373 70975 8296 9361 8476 8658 8195 8700 9549 7917 9188 8689 8801 9828 9348 8892 8121 9361 9220 9751 8010 9361 9361 8119 9269 9014 9427 9345 8890 8378 8182 9270 8965 8620 8966 8328 9101 8115 9727 9220 8135 11859 10219 9915 9868 10163 9706 10210 10149 15846 10243 10511 10222 9718 10185 11918 12776 10215 12959 12727 10149 13342 12818 13127 10230 13773 13007 12446 9162 10511 18152 13007 9888 13194 18152 12898 9559 13661 12813 12844 12503 13107 12433 12946 12974 9848 15893 12844 12348 20532 23798 24092 23482 24871 24572 21340 20532 23954 18878 23954 25646 20532 20282 23954 20532 25646 23954 18302 3103 18035 14331 14420 14655 12762 14533 16504 15173 16563 9925 16395 9501 15396 16666 19421 15093 15398 16396 17289 14756 16476 8598 17267 15139 15909 16395 17570 16375 14756 18049 14423 16614 16548 14352 12888 18980 15290 14354 14695 14729 14717 18675 14773 12429 13086 18123 16477 
2099 885 0 885 2722 917 505 1096 2692 2435 2745 1742 2721 1610 2434 3025 2729 3079 2001 1742 1712 2602 2722 2105 2423 3066 1111 1202 2778 2707 3105 3322 3006 1588 1274 3297 1574 1574 1341 1574 457 1362 2705 354 1130 1024 1341 1105 1564 5888 7794 6988 7831 7997 8313 8613 9260 8311 8973 8909 69284 7831 8897 8012 8194 7731 8236 9085 7453 8724 8225 8337 9364 8884 8427 7657 8897 8756 9287 7546 8897 8897 7655 8805 8550 8963 8881 8426 7738 7718 8806 8500 8155 8502 7864 8637 7651 9263 8756 7671 11045 9409 9105 9058 9349 8896 9400 9335 15031 9433 9697 9412 8908 9375 11103 11961 9405 12144 11913 9335 12528 12003 12313 9416 12958 12193 11631 8348 9697 16203 12193 9078 12379 16203 12083 8749 12847 11998 12029 11848 12292 11618 12132 12160 9038 15078 12029 11534 19717 22692 22834 22687 23613 23314 20525 19717 22696 18413 22696 25399 19717 19467 22696 19717 25399 22696 17487 3713 17789 13866 13956 14191 12298 14286 16039 14709 16099 9111 15931 8687 14932 16202 19174 14628 14933 15931 16825 13942 16012 7922 16803 14325 15662 15931 17324 15910 13942 17803 13959 16150 16084 13888 12424 18734 14825 13890 14231 14265 14253 18429 14308 11615 12621 17877 16012 
2313 0 885 0 1585 354 694 321 2025 1874 2015 967 1853 1247 1873 2371 1861 2412 1226 967 1214 1935 1585 2454 1862 2400 500 769 2151 1981 2438 2655 2339 1225 1700 2630 1303 1303 566 1303 903 587 2038 1168 567 1648 566 542 1201 6702 8465 7398 8296 8461 8777 9077 9930 8775 9437 9373 70975 8296 9361 8476 8658 8195 8700 9549 7917 9188 8689 8801 9828 9348 8892 8121 9361 9220 9751 8010 9361 9361 8119 9269 9014 9427 9345 8890 8378 8182 9270 8965 8620 8966 8328 9101 8115 9727 9220 8135 11859 10219 9915 9868 10163 9706 10210 10149 15846 10243 10511 10222 9718 10185 11918 12776 10215 12959 12727 10149 13342 12818 13127 10230 13773 13007 12446 9162 10511 18152 13007 9888 13194 18152 12898 9559 13661 12813 12844 12503 13107 12433 12946 12974 9848 15893 12844 12348 20532 23798 24092 23482 24871 24572 21340 20532 23954 18878 23954 25646 20532 20282 23954 20532 25646 23954 18302 3103 18035 14331 14420 14655 12762 14533 16504 15173 16563 9925 16395 9501 15396 16666 19421 15093 15398 16396 17289 14756 16476 8598 17267 15139 15909 16395 17570 16375 14756 18049 14423 16614 16548 14352 12888 18980 15290 14354 14695 14729 14717 18675 14773 12429 13086 18123 16477 
4207 1585 2722 1585 0 1410 1902 1704 4017 480 1145 2264 686 1057 479 1204 694 4333 2523 2264 1089 3927 0 1261 1014 4392 1604 1125 816 3240 4430 4647 4331 1035 910 4622 971 971 1988 971 1466 2009 4030 2809 1695 1259 1988 1670 1011 8464 7297 6230 7128 7293 7609 7909 8762 7607 8269 8206 73488 7128 8193 7308 7490 7027 7532 8381 6749 8020 7521 7633 8660 8181 7724 6953 8193 8053 8583 6842 8193 8193 6951 8101 7846 8259 8177 7722 7211 7015 8103 7797 7452 7798 7160 7933 6947 8559 8053 6968 11038 8863 9193 9146 9196 8984 8854 9182 14505 8887 9147 8866 8361 8829 10575 11433 8859 11616 11385 9182 12000 11475 11785 8888 12430 11665 11103 8665 9147 15705 11665 9166 11851 15705 11555 8203 12319 11470 11501 11147 11764 11090 11604 11632 9144 14550 11501 11006 19189 22630 22924 23031 23703 23404 19999 19189 22786 17710 22786 24478 19189 18703 22786 19189 24478 22786 16959 1897 16867 13163 13252 13488 11594 13365 15336 14006 15395 8583 15227 8159 14229 15498 18253 13925 14230 15228 16121 13414 15309 7430 16099 13797 14741 15227 16402 15207 13414 16881 13255 15446 15380 13185 11720 17812 14122 13186 13528 13562 13550 17507 13605 11089 11918 16955 15309 
2741 354 917 354 1410 0 725 507 2077 1698 1928 1153 1678 1071 1697 2196 1686 2464 1412 1153 907 1987 1410 2279 1687 2452 306 397 1975 2118 2490 2707 2391 1049 1555 2682 1127 1127 752 1127 935 773 2090 1200 397 1500 752 372 1025 6734 8289 7222 8120 8286 8602 8902 9755 8600 9261 9198 71400 8120 9185 8301 8483 8020 8525 9373 7741 9013 8514 8626 9652 9173 8716 7945 9185 9045 9575 7834 9185 9185 7943 9093 8839 9251 9169 8715 8203 8007 9095 8789 8444 8791 8152 8926 7939 9551 9045 7960 11891 10124 9819 9772 9822 9610 10115 9808 15764 10148 10408 10127 9622 10090 11836 12694 10120 12877 12646 9808 13261 12736 13046 10149 13691 12926 12364 9291 10408 16698 12926 9792 13112 16698 12816 9464 13580 12731 12762 12408 13025 12351 12865 12893 9753 15811 12762 12267 20450 23622 23916 24023 24695 24396 21258 20450 23778 18702 23778 25470 20450 20200 23778 20450 25470 23778 18220 2964 17860 14155 14245 14480 12587 14357 16328 14998 16388 9844 16220 9420 15221 16491 19245 14917 15222 16220 17114 14675 16301 8423 17091 15058 15733 16220 17395 16199 14675 17874 14248 16439 16373 14177 12713 18805 15114 14179 14520 14554 14542 18500 14597 12348 12910 17948 16301 
2301 694 505 694 1902 725 0 905 2500 1965 2184 1551 1900 1159 1964 2418 1909 2887 1810 1551 1258 2410 1902 2720 1955 2875 919 850 1981 2516 2913 3130 2814 1137 1308 3105 1211 1211 1150 1211 486 1171 2513 788 938 1236 1150 913 1113 6322 8228 7422 8265 8431 8747 9047 9694 8745 9407 9343 71328 8265 9331 8446 8628 8165 8670 9519 7887 9158 8659 8771 9798 9318 8861 8091 9331 9190 9721 7980 9331 9331 8089 9239 8984 9397 9315 8860 8172 8152 9240 8934 8589 8936 8298 9071 8085 9697 9190 8105 11479 9843 9539 9492 9783 9330 9834 9769 15465 9867 10131 9846 9342 9809 11537 12395 9839 12578 12347 9769 12962 12437 12747 9850 13392 12627 12065 8782 10131 16637 12627 9512 12813 16637 12517 9183 13281 12432 12463 12282 12726 12052 12566 12594 9472 15512 12463 11968 20151 23126 23268 23121 24047 23748 20959 20151 23130 18847 23130 25833 20151 19901 23130 20151 25833 23130 17921 2682 18223 14300 14390 14625 12732 14720 16473 15143 16533 9545 16365 9121 15366 16636 19608 15062 15367 16365 17259 14376 16446 8356 17237 14759 16096 16365 17758 16344 14376 18237 14393 16584 16518 14322 12858 19168 15259 14324 14665 14699 14687 18863 14742 12049 13055 18311 16446 
2524 321 1096 321 1704 507 905 0 1588 1992 1742 694 1972 1365 1991 2490 1980 1975 953 694 1088 1498 1704 2573 2121 1962 260 738 2269 1628 2001 2218 1902 1343 1849 2193 1421 1421 293 1421 1114 314 1601 1379 756 1854 293 731 1319 6913 8583 7516 8414 8580 8896 9196 10049 8894 9555 9492 70536 8414 9479 8595 8777 8314 8819 9667 8035 9307 8808 8920 9946 9467 9010 8239 9479 9339 9869 8128 9479 9479 8237 9387 9133 9545 9463 9009 8497 8301 9389 9083 8738 9085 8446 9220 8233 9845 9339 8254 12070 10377 10072 10025 10075 9863 10368 10061 16017 10401 10661 10380 9875 10343 12089 12947 10373 13130 12899 10061 13514 12989 13299 10402 13944 13179 12617 9373 10661 17983 13179 10045 13365 17983 13069 9717 13833 12984 13015 12661 13278 12604 13118 13146 10006 16064 13015 12520 20703 23955 24249 23639 25028 24729 21511 20703 24111 19035 24111 25803 20703 20453 24111 20703 25803 24111 18473 3018 18193 14488 14578 14813 12920 14690 16661 15331 16721 10097 16553 9673 15554 16824 19578 15250 15555 16553 17447 14928 16634 8717 17424 15311 16066 16553 17728 16532 14928 18207 14581 16772 16706 14510 13046 19138 15447 14512 14853 14887 14875 18833 14930 12601 13243 18281 16634 
3565 2025 2692 2025 4017 2077 2500 1588 0 3844 2652 1089 4016 3257 3843 4286 4024 443 870 1089 2388 157 4017 3674 3031 430 1800 2308 4121 570 469 877 561 3235 3763 664 3335 3335 1482 3335 2710 1503 69 2975 2326 3729 1482 2301 3211 8615 9192 9312 10210 10375 10691 10991 8891 10689 11351 11288 70170 10210 11275 10390 10572 10109 10614 11463 9831 11102 10603 10715 11742 11263 10806 10035 11275 11135 11665 9924 11275 11275 10033 11183 10928 11341 11259 10804 10293 10097 11185 10879 10534 10880 10242 11015 10029 11641 11135 10050 13666 12252 11947 11900 11950 11738 12243 11936 17892 12276 12536 12255 11750 12218 13964 14822 12248 15005 14774 11936 15389 14864 15174 12277 15819 15054 14492 10969 12536 18106 15054 11920 15240 18106 14944 11592 15708 14859 14890 14536 15153 14479 14993 15021 11881 17939 14890 14395 22578 25712 26006 26113 26785 26486 23386 22578 25868 20792 25868 27560 22578 22328 25868 22578 27560 25868 20348 4168 19949 16245 16334 16570 14676 16447 18418 17088 18477 11972 18309 11548 17311 18580 21335 17007 17312 18310 19203 16803 18391 10512 19181 17186 17823 18309 19484 18289 16803 19963 16337 18528 18462 16267 14802 20894 17204 16268 16610 16644 16632 20589 16687 14476 15000 20037 18391 
3872 1874 2435 1874 480 1698 1965 1992 3844 0 1434 2552 702 1081 0 1005 598 4231 2811 2552 1377 3780 480 1031 1226 4219 1892 1413 556 3529 4257 4500 4184 1059 1006 4475 1260 1260 2276 1260 1754 2297 3857 3021 1983 1221 2276 1958 1035 8676 7041 6048 7078 7243 7559 7859 8506 7557 8219 8156 73700 7078 8143 7258 7440 6977 7482 8331 6699 7970 7471 7583 8610 8131 7674 6903 8143 8003 8533 6792 8143 8143 6901 8051 7796 8209 8127 7672 6984 6965 8053 7747 7402 7748 7110 7883 6897 8509 8003 6918 10869 8694 9024 8977 9027 8815 8685 9013 14334 8718 8978 8697 8192 8660 10406 11264 8690 11447 11216 9013 11831 11306 11616 8719 12261 11496 10934 8496 8978 15449 11496 8997 11682 15449 11386 8034 12150 11301 11332 10978 11595 10921 11435 11463 8975 14381 11332 10837 19020 22580 22103 21956 22882 22583 19828 19020 21965 17660 21965 24428 19020 18534 21965 19020 24428 21965 16790 1500 16817 13113 13202 13438 11544 13315 15286 13956 15345 8414 15177 7990 14179 15448 18203 13875 14180 15178 16071 13245 15259 7248 16049 13628 14691 15177 16352 15157 13245 16798 13205 15396 15330 13135 11670 17762 14072 13136 13478 13512 13500 17457 13555 10918 11868 16872 15259 
3960 2015 2745 2015 1145 1928 2184 1742 2652 1434 0 1571 1410 1169 1433 2255 1418 3039 1830 1571 1039 2588 1145 1555 912 3026 1658 1558 1711 2547 3065 3308 2992 1147 1481 3283 1204 1204 1539 1204 2073 1560 2665 3028 2133 1681 1539 2108 1123 8893 8348 7281 8179 8344 8660 8960 9813 8658 9320 9257 73331 8179 9244 8359 8541 8078 8583 9432 7800 9071 8572 8684 9711 9232 8775 8004 9244 9104 9634 7893 9244 9244 8002 9152 8897 9310 9228 8773 8262 8066 9154 8848 8503 8849 8211 8984 7998 9610 9104 8019 11937 9762 10092 10045 10095 9883 9753 10081 15781 9786 10365 9765 9260 9728 11853 12711 9758 12515 12663 10081 13278 12753 13063 10166 13708 12943 12381 9564 10365 17378 12943 10065 13129 17378 12833 9102 13762 12748 12779 12425 12663 12368 12882 12910 10043 15828 12779 12191 22142 23681 23975 24082 24754 24455 21275 22142 23837 18761 23837 25529 22142 19602 23837 22142 25529 23837 18237 2137 17918 14214 14303 14539 12645 14416 16387 15057 16446 9861 16278 9437 15280 16549 19304 14976 15281 16279 17172 14692 16360 8481 17150 15075 15792 16278 17453 16258 14692 17932 14306 16497 16431 14236 12771 18863 15173 14237 14579 14613 14601 18558 14656 12365 12969 18006 16360 
3170 967 1742 967 2264 1153 1551 694 1089 2552 1571 0 3104 1965 2551 3373 3112 1476 267 0 1307 1050 2264 2593 1950 1463 906 1384 2829 1009 1502 1770 1454 1943 2519 1745 2106 2106 401 2106 1760 422 1102 2025 1402 2500 401 1377 1919 7559 9466 8399 9297 9463 9779 10079 10932 9777 10439 10375 71063 9297 10363 9478 9660 9197 9702 10551 8919 10190 9691 9803 10830 10350 9893 9123 10363 10222 10753 9012 10363 10363 9121 10271 10016 10429 10347 9892 9380 9184 10272 9966 9621 9968 9330 10103 9117 10729 10222 9137 12716 11023 10718 10671 10721 10509 11014 10707 16900 11047 11307 11026 10521 10989 12735 13593 11019 13776 13545 10707 14160 13635 13945 11048 14590 13825 13263 10019 11307 19139 13825 10691 14011 19139 13715 10363 14479 13630 13661 13307 13924 13250 13764 13792 10652 16947 13661 13166 23261 24799 25093 25200 25872 25573 22394 23261 24955 19879 24955 26647 23261 21099 24955 23261 26647 24955 19356 3256 19037 15332 15422 15657 13764 15534 17505 16175 17565 10743 17397 10319 16398 17668 20422 16094 16399 17397 18291 15810 17478 9600 18269 16193 16910 17397 18572 17376 15810 19051 15425 17616 17550 15354 13890 19982 16291 15356 15697 15731 15719 19677 15774 13483 14087 19125 17478 
4206 1853 2721 1853 686 1678 1900 1972 4016 702 1410 3104 0 1056 701 849 553 4332 3363 3104 1396 3926 686 1130 1013 4391 1872 1393 602 3767 4429 4646 4330 1034 1270 4621 1237 1237 2256 1237 1907 2277 4029 2808 1963 1725 2256 1938 1010 8463 6884 5891 6921 7087 7403 7703 8350 7401 8063 7999 73487 6921 7987 7102 7284 6821 7326 8175 6543 7814 7315 7427 8454 7974 7517 6747 7987 7846 8377 6636 7987 7987 6745 7895 7640 8053 7971 7516 6828 6808 7896 7590 7245 7592 6954 7727 6741 8353 7846 6761 10713 8537 8868 8821 8870 8659 8528 8856 14178 8561 8821 8540 8036 8503 10250 11108 8533 11291 11059 8856 11674 11150 11459 8562 12105 11339 10778 8340 8821 15293 11339 8841 11526 15293 11230 7877 11993 11145 11176 10821 11439 10765 11278 11306 8818 14225 11176 10680 18864 22423 21947 21800 22726 22427 19672 18864 21809 17503 21809 24271 18864 18378 21809 18864 24271 21809 16634 1896 16661 12956 13046 13281 11388 13158 15129 13799 15189 8257 15021 7833 14022 15292 18046 13718 14023 15021 15915 13088 15102 7092 15893 13471 14534 15021 16196 15000 13088 16642 13049 15240 15174 12978 11514 17606 13915 12980 13321 13355 13343 17301 13398 10761 11711 16716 15102 
3245 1247 1610 1247 1057 1071 1159 1365 3257 1081 1169 1965 1056 0 1080 1574 1064 3644 2224 1965 790 3193 1057 1662 1070 3631 1265 786 1358 2941 3670 3913 3597 142 923 3888 495 495 1649 495 1171 1670 3270 1893 1356 968 1649 1331 94 8511 7667 6600 7498 7664 7980 8280 9133 7978 8640 8576 73535 7498 8564 7679 7861 7398 7903 8752 7120 8391 7892 8004 9031 8551 8094 7324 8564 8423 8954 7213 8564 8564 7322 8472 8217 8630 8548 8093 7581 7385 8473 8167 7822 8169 7531 8304 7318 8930 8423 7338 11593 9408 9765 9718 9767 9556 9399 9753 15049 9432 9692 9411 8907 9374 11121 11979 9404 12162 11930 9753 12545 12021 12330 9433 12976 12210 11649 9237 9692 16076 12210 9738 12397 16076 12101 8748 12864 12016 12047 11692 12310 11636 12149 12177 9698 15096 12047 11551 19735 23000 23294 23401 24073 23774 20543 19735 23156 18080 23156 24848 19735 20146 23156 19735 24848 23156 17505 1838 17238 13533 13623 13858 11965 13735 15706 14376 15766 9128 15598 8704 14599 15869 18623 14295 14600 15598 16492 13959 15679 7801 16470 14342 15111 15598 16773 15577 13959 17252 13626 15817 15751 13555 12091 18183 14492 13557 13898 13932 13920 17878 13975 11632 12288 17326 15679 
3871 1873 2434 1873 479 1697 1964 1991 3843 0 1433 2551 701 1080 0 1004 597 4230 2810 2551 1376 3779 479 1030 1225 4218 1891 1412 555 3528 4256 4499 4183 1058 1005 4474 1259 1259 2275 1259 1753 2296 3856 3020 1982 1220 2275 1957 1034 8675 7040 6047 7077 7242 7558 7858 8505 7556 8218 8155 73699 7077 8142 7257 7439 6976 7481 8330 6698 7969 7470 7582 8609 8130 7673 6902 8142 8002 8532 6791 8142 8142 6900 8050 7795 8208 8126 7671 6983 6964 8052 7746 7401 7747 7109 7882 6896 8508 8002 6917 10868 8693 9023 8976 9026 8814 8684 9012 14333 8717 8977 8696 8191 8659 10405 11263 8689 11446 11215 9012 11830 11305 11615 8718 12260 11495 10933 8495 8977 15448 11495 8996 11681 15448 11385 8033 12149 11300 11331 10977 11594 10920 11434 11462 8974 14380 11331 10836 19019 22579 22102 21955 22881 22582 19827 19019 21964 17659 21964 24427 19019 18533 21964 19019 24427 21964 16789 1499 16816 13112 13201 13437 11543 13314 15285 13955 15344 8413 15176 7989 14178 15447 18202 13874 14179 15177 16070 13244 15258 7247 16048 13627 14690 15176 16351 15156 13244 16797 13204 15395 15329 13134 11669 17761 14071 13135 13477 13511 13499 17456 13554 10917 11867 16871 15258 
4510 2371 3025 2371 1204 2196 2418 2490 4286 1005 2255 3373 849 1574 1004 0 857 4601 3632 3373 1914 4196 1204 1559 1141 4660 2390 1911 906 4037 4699 4916 4600 1552 1573 4891 1755 1755 3157 1755 2130 3178 4299 3112 2481 2029 3157 2456 1528 8767 6532 5465 6363 6528 6844 7144 7997 6842 7504 7441 73756 6363 7428 6543 6725 6262 6767 7616 5984 7255 6756 6868 7895 7416 6959 6188 7428 7288 7818 6077 7428 7428 6186 7336 7081 7494 7412 6957 6446 6250 7338 7032 6687 7033 6395 7168 6182 7794 7288 6203 10856 8680 9011 8964 9013 8802 8671 8999 14365 8704 8576 8683 8179 8646 10442 11300 8676 11527 11247 8999 11867 11342 11652 8755 12297 11532 10970 8483 8576 14940 11532 8984 11718 14940 11417 8020 12351 11337 11368 11187 11675 10957 11471 11499 8961 14412 11368 10780 19051 21865 22159 22266 22938 22639 19859 19051 22021 16945 22021 23713 19051 18614 22021 19051 23713 22021 16821 915 16102 12398 12487 12723 10829 12600 14571 13241 14630 8450 14462 7627 13464 14733 17488 13160 13465 14463 15356 13276 14544 6665 15334 13659 13976 14462 15637 14442 13276 16116 12490 14681 14615 12420 10955 17047 13357 12421 12763 12797 12785 16742 12840 10949 11153 16190 14544 
4214 1861 2729 1861 694 1686 1909 1980 4024 598 1418 3112 553 1064 597 857 0 4340 3371 3112 1404 3934 694 1138 1021 4399 1880 1401 499 3775 4437 4654 4338 1042 1166 4629 1245 1245 2264 1245 1723 2285 4037 2816 1971 1733 2264 1946 1018 8471 6892 5899 6929 7095 7411 7711 8358 7409 8071 8007 73495 6929 7995 7110 7292 6829 7334 8183 6551 7822 7323 7435 8462 7982 7525 6755 7995 7854 8385 6644 7995 7995 6753 7903 7648 8061 7979 7524 6836 6816 7904 7598 7253 7600 6962 7735 6749 8361 7854 6769 10721 8545 8876 8829 8878 8667 8536 8864 14186 8569 8829 8548 8044 8511 10258 11116 8541 11299 11067 8864 11682 11158 11467 8570 12113 11347 10786 8348 8829 15301 11347 8849 11534 15301 11238 7885 12001 11153 11184 10829 11447 10773 11286 11314 8826 14233 11184 10688 18872 22431 21955 21808 22734 22435 19680 18872 21817 17511 21817 24279 18872 18386 21817 18872 24279 21817 16642 1904 16669 12964 13054 13289 11396 13166 15137 13807 15197 8265 15029 7841 14030 15300 18054 13726 14031 15029 15923 13096 15110 7100 15901 13479 14542 15029 16204 15008 13096 16650 13057 15248 15182 12986 11522 17614 13923 12988 13329 13363 13351 17309 13406 10769 11719 16724 15110 
3952 2412 3079 2412 4333 2464 2887 1975 443 4231 3039 1476 4332 3644 4230 4601 4340 0 1257 1476 2775 544 4333 4061 3418 306 2187 2695 4508 957 609 1264 948 3622 4150 936 3722 3722 1869 3722 3097 1890 394 3362 2713 4116 1869 2688 3598 9002 9507 9627 10525 10691 11007 11307 9124 11005 11667 11603 70557 10525 11591 10706 10888 10425 10930 11779 10147 11418 10919 11031 12058 11578 11121 10351 11591 11450 11981 10240 11591 11591 10349 11499 11244 11657 11575 11120 10608 10412 11500 11194 10849 11196 10558 11331 10345 11957 11450 10365 14053 12639 12334 12287 12337 12125 12630 12323 18279 12663 12923 12642 12137 12605 14351 15209 12635 15392 15161 12323 15776 15251 15561 12664 16206 15441 14879 11356 12923 17959 15441 12307 15627 17959 15331 11979 16095 15246 15277 14923 15540 14866 15380 15408 12268 18326 15277 14782 22965 26027 26321 26428 27100 26801 23773 22965 26183 21107 26183 27875 22965 22715 26183 22965 27875 26183 20735 4484 20265 16560 16650 16885 14992 16762 18733 17403 18793 12359 18625 11935 17626 18896 21650 17322 17627 18625 19519 17190 18706 10828 19497 17573 18138 18625 19800 18604 17190 20279 16653 18844 18778 16582 15118 21210 17519 16584 16925 16959 16947 20905 17002 14863 15315 20353 18706 
2903 1226 2001 1226 2523 1412 1810 953 870 2811 1830 267 3363 2224 2810 3632 3371 1257 0 267 1566 780 2523 2852 2209 1244 1165 1643 3088 979 1283 1500 1184 2202 2778 1475 2365 2365 660 2365 2019 681 883 2284 1661 2759 660 1636 2178 8005 9725 8658 9556 9722 10038 10338 11191 10036 10698 10634 70793 9556 10622 9737 9919 9456 9961 10810 9178 10449 9950 10062 11089 10609 10152 9382 10622 10481 11012 9271 10622 10622 9380 10530 10275 10688 10606 10151 9639 9443 10531 10225 9880 10227 9589 10362 9376 10988 10481 9396 12975 11282 10977 10930 10980 10768 11273 10966 17159 11306 11566 11285 10780 11248 12994 13852 11278 14035 13804 10966 14419 13894 14204 11307 14849 14084 13522 10278 11566 18920 14084 10950 14270 18920 13974 10622 14738 13889 13920 13566 14183 13509 14023 14051 10911 17206 13920 13425 23520 25058 25352 25459 26131 25832 22653 23520 25214 20138 25214 26906 23520 21358 25214 23520 26906 25214 19615 3515 19296 15591 15681 15916 14023 15793 17764 16434 17824 11002 17656 10578 16657 17927 20681 16353 16658 17656 18550 16069 17737 9859 18528 16452 17169 17656 18831 17635 16069 19310 15684 17875 17809 15613 14149 20241 16550 15615 15956 15990 15978 19936 16033 13742 14346 19384 17737 
3170 967 1742 967 2264 1153 1551 694 1089 2552 1571 0 3104 1965 2551 3373 3112 1476 267 0 1307 1050 2264 2593 1950 1463 906 1384 2829 1009 1502 1770 1454 1943 2519 1745 2106 2106 401 2106 1760 422 1102 2025 1402 2500 401 1377 1919 7559 9466 8399 9297 9463 9779 10079 10932 9777 10439 10375 71063 9297 10363 9478 9660 9197 9702 10551 8919 10190 9691 9803 10830 10350 9893 9123 10363 10222 10753 9012 10363 10363 9121 10271 10016 10429 10347 9892 9380 9184 10272 9966 9621 9968 9330 10103 9117 10729 10222 9137 12716 11023 10718 10671 10721 10509 11014 10707 16900 11047 11307 11026 10521 10989 12735 13593 11019 13776 13545 10707 14160 13635 13945 11048 14590 13825 13263 10019 11307 19139 13825 10691 14011 19139 13715 10363 14479 13630 13661 13307 13924 13250 13764 13792 10652 16947 13661 13166 23261 24799 25093 25200 25872 25573 22394 23261 24955 19879 24955 26647 23261 21099 24955 23261 26647 24955 19356 3256 19037 15332 15422 15657 13764 15534 17505 16175 17565 10743 17397 10319 16398 17668 20422 16094 16399 17397 18291 15810 17478 9600 18269 16193 16910 17397 18572 17376 15810 19051 15425 17616 17550 15354 13890 19982 16291 15356 15697 15731 15719 19677 15774 13483 14087 19125 17478 
3149 1214 1712 1214 1089 907 1258 1088 2388 1377 1039 1307 1396 790 1376 1914 1404 2775 1566 1307 0 2324 1089 1958 1418 2762 1004 622 1654 2283 2801 3044 2728 768 1292 3019 809 809 885 809 1277 906 2401 1995 1192 1218 885 1167 744 7990 8007 6940 7838 8004 8320 8620 9473 8318 8980 8916 71808 7838 8904 8019 8201 7738 8243 9092 7460 8731 8232 8344 9371 8891 8434 7664 8904 8763 9294 7553 8904 8904 7662 8812 8557 8970 8888 8433 7921 7725 8813 8507 8162 8509 7871 8644 7658 9270 8763 7678 11906 9748 10077 10030 10080 9868 9739 10066 15389 9772 10032 9751 9247 9714 11461 12319 9744 12502 12270 10066 12885 12361 12670 9773 13316 12550 11989 9549 10032 17876 12550 10050 12737 17876 12441 9088 13204 12356 12387 12032 12650 11976 12489 12517 10011 15436 12387 11891 20075 23340 23634 23741 24413 24114 20883 20075 23496 18420 23496 25188 20075 20459 23496 20075 25188 23496 17845 2380 17578 13873 13963 14198 12305 14075 16046 14716 16106 9468 15938 9044 14939 16209 18963 14635 14940 15938 16832 14299 16019 8141 16810 14682 15451 15938 17113 15917 14299 17592 13966 16157 16091 13895 12431 18523 14832 13897 14238 14272 14260 18218 14315 11972 12628 17666 16019 
3470 1935 2602 1935 3927 1987 2410 1498 157 3780 2588 1050 3926 3193 3779 4196 3934 544 780 1050 2324 0 3927 3610 2967 531 1710 2218 4057 480 570 762 446 3171 3673 766 3245 3245 1431 3245 2620 1452 170 2885 2236 3639 1431 2211 3147 8525 9102 9222 10120 10285 10601 10901 8801 10599 11261 11198 70059 10120 11185 10300 10482 10019 10524 11373 9741 11012 10513 10625 11652 11173 10716 9945 11185 11045 11575 9834 11185 11185 9943 11093 10838 11251 11169 10714 10203 10007 11095 10789 10444 10790 10152 10925 9939 11551 11045 9960 13576 12162 11857 11810 11860 11648 12153 11846 17802 12186 12446 12165 11660 12128 13874 14732 12158 14915 14684 11846 15299 14774 15084 12187 15729 14964 14402 10879 12446 18207 14964 11830 15150 18207 14854 11502 15618 14769 14800 14446 15063 14389 14903 14931 11791 17849 14800 14305 22488 25622 25916 26023 26695 26396 23296 22488 25778 20702 25778 27470 22488 22238 25778 22488 27470 25778 20258 4078 19859 16155 16244 16480 14586 16357 18328 16998 18387 11882 18219 11458 17221 18490 21245 16917 17222 18220 19113 16713 18301 10422 19091 17096 17733 18219 19394 18199 16713 19873 16247 18438 18372 16177 14712 20804 17114 16178 16520 16554 16542 20499 16597 14386 14910 19947 18301 
4207 1585 2722 1585 0 1410 1902 1704 4017 480 1145 2264 686 1057 479 1204 694 4333 2523 2264 1089 3927 0 1261 1014 4392 1604 1125 816 3240 4430 4647 4331 1035 910 4622 971 971 1988 971 1466 2009 4030 2809 1695 1259 1988 1670 1011 8464 7297 6230 7128 7293 7609 7909 8762 7607 8269 8206 73488 7128 8193 7308 7490 7027 7532 8381 6749 8020 7521 7633 8660 8181 7724 6953 8193 8053 8583 6842 8193 8193 6951 8101 7846 8259 8177 7722 7211 7015 8103 7797 7452 7798 7160 7933 6947 8559 8053 6968 11038 8863 9193 9146 9196 8984 8854 9182 14505 8887 9147 8866 8361 8829 10575 11433 8859 11616 11385 9182 12000 11475 11785 8888 12430 11665 11103 8665 9147 15705 11665 9166 11851 15705 11555 8203 12319 11470 11501 11147 11764 11090 11604 11632 9144 14550 11501 11006 19189 22630 22924 23031 23703 23404 19999 19189 22786 17710 22786 24478 19189 18703 22786 19189 24478 22786 16959 1897 16867 13163 13252 13488 11594 13365 15336 14006 15395 8583 15227 8159 14229 15498 18253 13925 14230 15228 16121 13414 15309 7430 16099 13797 14741 15227 16402 15207 13414 16881 13255 15446 15380 13185 11720 17812 14122 13186 13528 13562 13550 17507 13605 11089 11918 16955 15309 
4218 2454 2105 2454 1261 2279 2720 2573 3674 1031 1555 2593 1130 1662 1030 1559 1138 4061 2852 2593 1958 3610 1261 0 1456 4049 2473 1994 680 3570 4087 4330 4014 1640 585 4305 885 885 2857 885 1188 2878 3687 1919 2564 570 2857 2539 1616 6842 6879 5886 6916 7082 7398 7698 8345 7396 8058 7994 70784 6916 7982 7097 7279 6816 7321 8170 6538 7809 7310 7422 8449 7969 7512 6742 7982 7841 8372 6631 7982 7982 6740 7890 7635 8048 7966 7511 6823 6803 7891 7585 7240 7587 6949 7722 6736 8348 7841 6756 10674 8499 8829 8782 8832 8620 8490 8818 14139 8523 8783 8502 7997 8465 10211 11069 8495 11252 11021 8818 11636 11111 11421 8524 12066 11301 10739 8301 8783 15288 11301 8802 11487 15288 11191 7839 11955 11106 11137 10783 11400 10726 11240 11268 8780 14186 11137 10642 18825 22418 21942 21795 22721 22422 19633 18825 21804 17498 21804 24266 18825 18339 21804 18825 24266 21804 16595 2073 16656 12951 13041 13276 11383 13153 15124 13794 15184 8219 15016 7795 14017 15287 18041 13713 14018 15016 15910 13050 15097 7087 15888 13433 14529 15016 16191 14995 13050 16637 13044 15235 15169 12973 11509 17601 13910 12975 13316 13350 13338 17296 13393 10723 11706 16711 15097 
3860 1862 2423 1862 1014 1687 1955 2121 3031 1226 912 1950 1013 1070 1225 1141 1021 3418 2209 1950 1418 2967 1014 1456 0 3406 2037 1402 1378 2927 3444 3687 3371 1048 1381 3662 1105 1105 1918 1105 1973 1939 3044 2706 1972 1581 1918 1947 1024 8701 7233 6166 7064 7230 7546 7846 8699 7544 8206 8142 73752 7064 8130 7245 7427 6964 7469 8318 6686 7957 7458 7570 8597 8117 7660 6890 8130 7989 8520 6779 8130 8130 6888 8038 7783 8196 8114 7659 7147 6951 8039 7733 7388 7735 7097 7870 6884 8496 7989 6904 11347 9171 9502 9455 9504 9293 9162 9490 14955 9195 9310 9174 8670 9137 11027 11885 9167 12068 11837 9490 12452 11927 12237 9340 12882 12117 11555 8974 9310 15642 12117 9475 12303 15642 12007 8511 12771 11922 11953 11772 12216 11542 12056 12084 9452 15002 11953 11458 19641 22566 22860 22967 23639 23340 20449 19641 22722 17646 22722 24414 19641 19155 22722 19641 24414 22722 17411 1033 16804 13099 13189 13424 11531 13301 15272 13942 15332 9035 15164 8300 14165 15435 18189 13861 14166 15164 16058 13866 15245 7367 16036 14249 14677 15164 16339 15143 13866 16818 13192 15383 15317 13121 11657 17749 14058 13123 13464 13498 13486 17444 13541 11539 11854 16892 15245 
3939 2400 3066 2400 4392 2452 2875 1962 430 4219 3026 1463 4391 3631 4218 4660 4399 306 1244 1463 2762 531 4392 4049 3406 0 2174 2683 4496 944 281 1196 880 3609 4138 633 3710 3710 1856 3710 3084 1877 381 3349 2701 4104 1856 2676 3585 8990 9566 9686 10584 10750 11066 11366 9266 11064 11726 11662 69741 10584 11650 10765 10947 10484 10989 11838 10206 11477 10978 11090 12117 11637 11180 10410 11650 11509 12040 10299 11650 11650 10408 11558 11303 11716 11634 11179 10667 10471 11559 11253 10908 11255 10617 11390 10404 12016 11509 10424 14040 12626 12322 12275 12324 12113 12617 12310 18267 12650 12910 12629 12125 12592 14339 15197 12622 15380 15148 12310 15763 15239 15548 12651 16194 15428 14867 11343 12910 17717 15428 12295 15615 17717 15319 11966 16082 15234 15265 14910 15528 14854 15367 15395 12255 18314 15265 14769 22953 26086 26380 26487 27159 26860 23761 22953 26242 21166 26242 27934 22953 22703 26242 22953 27934 26242 20723 4543 20324 16619 16709 16944 15051 16821 18792 17462 18852 12346 18684 11922 17685 18955 21709 17381 17686 18684 19578 17177 18765 10887 19556 17560 18197 18684 19859 18663 17177 20338 16712 18903 18837 16641 15177 21269 17578 16643 16984 17018 17006 20964 17061 14850 15374 20412 18765 
2653 500 1111 500 1604 306 919 260 1800 1892 1658 906 1872 1265 1891 2390 1880 2187 1165 906 1004 1710 1604 2473 2037 2174 0 591 2169 1840 2213 2430 2114 1243 1749 2405 1321 1321 505 1321 1129 526 1813 1394 591 1694 505 566 1219 6928 8483 7416 8314 8480 8796 9096 9949 8794 9455 9392 70989 8314 9379 8495 8677 8214 8719 9567 7935 9207 8708 8820 9846 9367 8910 8139 9379 9239 9769 8028 9379 9379 8137 9287 9033 9445 9363 8909 8397 8201 9289 8983 8638 8985 8346 9120 8133 9745 9239 8154 12085 10318 10013 9966 10016 9804 10309 10002 15958 10342 10602 10321 9816 10284 12030 12888 10314 13071 12840 10002 13455 12930 13240 10343 13885 13120 12558 9485 10602 18039 13120 9986 13306 18039 13010 9658 13774 12925 12956 12602 13219 12545 13059 13087 9947 16005 12956 12461 20644 23816 24110 24217 24889 24590 21452 20644 23972 18896 23972 25664 20644 20394 23972 20644 25664 23972 18414 2926 18054 14349 14439 14674 12781 14551 16522 15192 16582 10038 16414 9614 15415 16685 19439 15111 15416 16414 17308 14869 16495 8617 17285 15252 15927 16414 17589 16393 14869 18068 14442 16633 16567 14371 12907 18999 15308 14373 14714 14748 14736 18694 14791 12542 13104 18142 16495 
2741 769 1202 769 1125 397 850 738 2308 1413 1558 1384 1393 786 1412 1911 1401 2695 1643 1384 622 2218 1125 1994 1402 2683 591 0 1690 2349 2721 2938 2622 764 1270 2913 842 842 983 842 971 1004 2321 1485 682 1215 983 657 740 7582 8004 6937 7835 8001 8317 8617 9470 8315 8976 8913 71400 7835 8900 8016 8198 7735 8240 9088 7456 8728 8229 8341 9367 8888 8431 7660 8900 8760 9290 7549 8900 8900 7658 8808 8554 8966 8884 8430 7918 7722 8810 8504 8159 8506 7867 8641 7654 9266 8760 7675 12176 9745 9819 9772 9822 9610 9736 9808 15386 9769 10029 9748 9244 9711 11458 12316 9741 12499 12267 9808 12882 12358 12667 9770 13313 12547 11986 9291 10029 16413 12547 9792 12734 16413 12438 9085 13201 12353 12384 12029 12647 11973 12486 12514 9753 15433 12384 11888 20072 23337 23631 23738 24410 24111 20880 20072 23493 18417 23493 25185 20072 20200 23493 20072 25185 23493 17842 2599 17575 13870 13960 14195 12302 14072 16043 14713 16103 9465 15935 9041 14936 16206 18960 14632 14937 15935 16829 14296 16016 8138 16806 14679 15448 15935 17110 15914 14296 17589 13963 16154 16088 13892 12428 18520 14829 13894 14235 14269 14257 18215 14312 11969 12625 17663 16016 
4263 2151 2778 2151 816 1975 1981 2269 4121 556 1711 2829 602 1358 555 906 499 4508 3088 2829 1654 4057 816 680 1378 4496 2169 1690 0 3806 4534 4777 4461 1336 767 4752 1021 1021 2553 1021 1772 2574 4134 2779 2260 1200 2553 2235 1312 7685 6585 5592 6622 6787 7103 7403 8050 7101 7763 7700 73934 6622 7687 6802 6984 6521 7026 7875 6243 7514 7015 7127 8154 7675 7218 6447 7687 7547 8077 6336 7687 7687 6445 7595 7340 7753 7671 7216 6528 6509 7597 7291 6946 7292 6654 7427 6441 8053 7547 6462 10380 8204 8535 8488 8537 8326 8195 8523 13845 8228 8488 8207 7703 8170 9917 10775 8200 10958 10726 8523 11341 10817 11126 8229 11772 11006 10445 8006 8488 14993 11006 8508 11193 14993 10897 7544 11660 10812 10843 10488 11106 10432 10945 10973 8485 13892 10843 10347 18531 22124 21647 21500 22426 22127 19339 18531 21509 17204 21509 23972 18531 18045 21509 18531 23972 21509 16301 1401 16361 12657 12746 12982 11088 12859 14830 13500 14889 7924 14721 7500 13723 14992 17747 13419 13724 14722 15615 12755 14803 6792 15593 13138 14235 14721 15896 14701 12755 16342 12749 14940 14874 12679 11214 17306 13616 12680 13022 13056 13044 17001 13099 10428 11412 16416 14803 
3888 1981 2707 1981 3240 2118 2516 1628 570 3529 2547 1009 3767 2941 3528 4037 3775 957 979 1009 2283 480 3240 3570 2927 944 1840 2349 3806 0 983 1200 884 2919 3489 1204 3071 3071 1390 3071 2725 1411 583 2990 2367 3465 1390 2342 2895 8631 7522 9063 9961 10126 10442 10742 8814 10440 11102 11039 70493 9961 11026 10141 10323 9860 10365 11214 9582 10853 10354 10466 11493 11014 10557 9786 11026 10886 11416 9675 11026 11026 9784 10934 10679 11092 11010 10555 10044 9848 10936 10630 10285 10631 9993 10766 9780 11392 10886 9801 13681 11988 11683 11636 11686 11474 11979 11672 17628 12012 12272 11991 11486 11954 13700 14558 11984 14741 14510 11672 15125 14600 14910 12013 15555 14790 14228 10984 12272 18620 14790 11656 14976 18620 14680 11328 15444 14595 14626 14272 14889 14215 14729 14757 11617 17675 14626 14131 22314 25463 25757 25864 26536 26237 23122 22314 25619 20543 25619 27311 22314 22064 25619 22314 27311 25619 20084 3919 19700 15996 16085 16321 14427 16198 18169 16839 18228 11708 18060 11284 17062 18331 21086 16758 17063 18061 18954 16539 18142 10263 18932 16922 17574 18060 19235 18040 16539 19714 16088 18279 18213 16018 14553 20645 16955 16019 16361 16395 16383 20340 16438 14212 14751 19788 18142 
3792 2438 3105 2438 4430 2490 2913 2001 469 4257 3065 1502 4429 3670 4256 4699 4437 609 1283 1502 2801 570 4430 4087 3444 281 2213 2721 4534 983 0 972 656 3648 4176 565 3748 3748 1895 3748 3123 1916 420 3388 2739 4142 1895 2714 3624 8924 9605 9725 10623 10788 11104 11404 9304 11102 11764 11701 70265 10623 11688 10803 10985 10522 11027 11876 10244 11515 11016 11128 12155 11676 11219 10448 11688 11548 12078 10337 11688 11688 10446 11596 11341 11754 11672 11217 10706 10510 11598 11292 10947 11293 10655 11428 10442 12054 11548 10463 14079 12665 12360 12313 12363 12151 12656 12349 18305 12689 12949 12668 12163 12631 14377 15235 12661 15418 15187 12349 15802 15277 15587 12690 16232 15467 14905 11382 12949 17957 15467 12333 15653 17957 15357 12005 16121 15272 15303 14949 15566 14892 15406 15434 12294 18352 15303 14808 22991 26125 26419 26526 27198 26899 23799 22991 26281 21205 26281 27973 22991 22741 26281 22991 27973 26281 20761 4581 20362 16658 16747 16983 15089 16860 18831 17501 18890 12385 18722 11961 17724 18993 21748 17420 17725 18723 19616 17216 18804 10925 19594 17599 18236 18722 19897 18702 17216 20376 16750 18941 18875 16680 15215 21307 17617 16681 17023 17057 17045 21002 17100 14889 15413 20450 18804 
3040 2655 3322 2655 4647 2707 3130 2218 877 4500 3308 1770 4646 3913 4499 4916 4654 1264 1500 1770 3044 762 4647 4330 3687 1196 2430 2938 4777 1200 972 0 390 3891 4393 550 3965 3965 2151 3965 3340 2172 890 3605 2956 4359 2151 2931 3867 8289 9822 9942 10840 11005 11321 11621 9521 11319 11981 11918 69517 10840 11905 11020 11202 10739 11244 12093 10461 11732 11233 11345 12372 11893 11436 10665 11905 11765 12295 10554 11905 11905 10663 11813 11558 11971 11889 11434 10923 10727 11815 11509 11164 11510 10872 11645 10659 12271 11765 10680 14128 12986 12652 12605 12415 12443 12977 12401 18522 13010 13166 12989 12380 12952 14594 15452 12982 15635 15404 12401 16019 15494 15804 12907 16449 15684 15122 11414 13166 18871 15684 12625 15870 18871 15574 12222 16338 15489 15520 15166 15783 15109 15623 15651 12602 18569 15520 15025 23208 26342 26636 26743 27415 27116 24016 23208 26498 21422 26498 28190 23208 21429 26498 23208 28190 26498 20978 4798 20579 16875 16964 17200 15306 17077 19048 17718 19107 12602 18939 12178 17941 19210 21965 17637 17942 18940 19833 17433 19021 11142 19811 17816 18453 18939 20114 18919 17433 20593 16967 19158 19092 16897 15432 21524 17834 16898 17240 17274 17262 21219 17317 15106 15630 20667 19021 
3210 2339 3006 2339 4331 2391 2814 1902 561 4184 2992 1454 4330 3597 4183 4600 4338 948 1184 1454 2728 446 4331 4014 3371 880 2114 2622 4461 884 656 390 0 3575 4077 394 3649 3649 1835 3649 3024 1856 574 3289 2640 4043 1835 2615 3551 8459 9506 9626 10524 10689 11005 11305 9205 11003 11665 11602 69683 10524 11589 10704 10886 10423 10928 11777 10145 11416 10917 11029 12056 11577 11120 10349 11589 11449 11979 10238 11589 11589 10347 11497 11242 11655 11573 11118 10607 10411 11499 11193 10848 11194 10556 11329 10343 11955 11449 10364 13963 12566 12261 12214 12267 12052 12557 12253 18206 12590 12850 12569 12064 12532 14278 15136 12562 15319 15088 12253 15703 15178 15488 12591 16133 15368 14806 11266 12850 18555 15368 12234 15554 18555 15258 11906 16022 15173 15204 14850 15467 14793 15307 15335 12195 18253 15204 14709 22892 26026 26320 26427 27099 26800 23700 22892 26182 21106 26182 27874 22892 23161 26182 22892 27874 26182 20662 4482 20263 16559 16648 16884 14990 16761 18732 17402 18791 12286 18623 11862 17625 18894 21649 17321 17626 18624 19517 17117 18705 10826 19495 17500 18137 18623 19798 18603 17117 20277 16651 18842 18776 16581 15116 21208 17518 16582 16924 16958 16946 20903 17001 14790 15314 20351 18705 
