NAME : BANGALORE_DISPATCH_ADDRESS_FINALS
COMMENT : INTER_IIT
TYPE : CVRP
DIMENSION : 218
VEHICLES : 5
EDGE_WEIGHT_TYPE : EXPLICIT
EDGE_WEIGHT_FORMAT : FULL_MATRIX
CAPACITY : 20
EDGE_WEIGHT_SECTION
0 2313 2099 2313 4207 2741 2301 2524 4142 3872 4083 6114 3851 3245 3871 4510 4214 3069 3002 3170 3149 3470 4207 4218 3828 3939 6845 2741 4238 3888 5050 3040 3210 3223 4206 1717 1717 3484 1691 3484 1778 3616 3717 2109 2990 1691 1691 2965 3199 7889 9894 6105 9931 10097 6023 10713 10923 10411 11073 11009 8276 9931 10997 10112 10022 9831 10336 11185 9553 10824 10325 10031 11464 10984 10527 9757 10997 10856 11505 9688 10997 11083 9757 10905 10650 10198 10981 10526 9838 11431 10906 10600 9931 10738 9964 10984 9751 11363 10856 9771 11411 8399 10815 10768 9698 10153 9722 10054 9684 9685 10087 1989 10066 9937 10029 12644 11237 14497 13685 13453 9684 14203 13544 13853 10956 14499 15276 13173 13074 17271 1989 15276 13502 10788 13920 7153 13624 10063 14387 13539 13570 13808 13833 13167 13672 13700 1989 14101 13570 13074 25871 25433 24934 24787 25713 25414 28297 25871 24796 24165 24796 27281 24577 19177 24796 25871 27281 24796 5138 5138 19671 16000 16056 20666 14398 16168 18139 16809 16269 18199 16324 14833 10244 17032 14463 10113 16728 17033 18031 18925 15482 18112 18231 17991 18004 17544 18031 19206 18010 15482 19522 16059 18250 18184 16056 14524 20616 16925 15990 16460 16365 16353 20311 16408 13155 14721 18479 18112 
2313 0 885 0 1585 354 694 321 2602 1874 2138 4809 1882 1247 1873 2371 1861 2343 799 967 1214 1935 1585 2454 1883 2400 6464 769 2126 1981 4706 2655 2339 1225 1853 705 705 1650 679 1650 544 1413 2530 1168 567 679 679 542 1201 6584 8465 5379 8296 8461 4349 9077 9287 8775 9437 9373 6640 8296 9361 8476 8386 8195 8700 9549 7917 9188 8689 8395 9828 9348 8892 8121 9361 9220 9869 8052 9361 9447 8121 9269 9014 8563 9345 8890 8378 9795 9270 8965 8296 9102 8328 9348 8115 9727 9220 8135 11859 8550 9915 9868 10163 10309 9706 10210 10149 9730 10243 2199 10222 9718 10185 11918 10511 13771 12959 12727 10149 13477 12818 13127 10230 13773 14550 12447 12348 16545 2199 14550 12776 9888 13194 5848 12898 10219 13661 12813 12844 12503 13107 12441 12946 12974 2199 13375 12844 12348 24236 23798 24092 23482 24871 24572 26662 24236 23954 23439 23954 25646 22941 19671 23954 24236 25646 23954 3103 3103 18035 14364 14420 19031 12762 14533 16504 15174 14633 16563 14689 14107 9518 15396 13737 8651 15093 15397 16396 17289 14756 16477 16596 16355 17278 15909 16395 17570 16375 14756 17886 14423 16614 16548 14420 12888 18980 15289 14354 14825 14730 14717 18675 14773 12429 13086 16843 16477 
2099 885 0 885 2722 917 505 1096 3269 2435 2868 3999 1937 1610 2434 3025 2729 1528 1574 1742 1712 2602 2722 2105 2613 3066 5654 1202 2753 2707 3892 3322 3006 1588 2721 516 516 868 490 868 608 2188 3196 354 1130 490 490 1105 1564 5774 7794 4564 7831 7997 4289 8613 8823 8311 8973 8909 6176 7831 8897 8012 7922 7731 8236 9085 7453 8724 8225 7931 9364 8884 8427 7657 8897 8756 9405 7588 8897 8983 7657 8805 8550 8098 8881 8426 7738 9331 8806 8500 7831 8638 7864 8884 7651 9263 8756 7671 11045 7735 9105 9058 9349 9499 8896 9400 9335 8920 9433 1384 9412 8908 9375 11103 9697 12956 12144 11913 9335 12663 12003 12313 9416 12958 13736 11632 11534 15731 1384 13736 11961 9078 12379 5038 12083 9409 12847 11998 12029 11848 12292 11626 12132 12160 1384 12561 12029 11534 23771 23333 22834 22687 23613 23314 26197 23771 22696 22624 22696 25181 22477 18857 22696 23771 25181 22696 3713 3713 17571 13900 13956 18566 12298 14068 16039 14709 14169 16099 14224 13292 8704 14932 12922 8013 14628 14933 15931 16825 13942 16012 16131 15891 16463 15444 15931 17106 15910 13942 17422 13959 16150 16084 13956 12424 18516 14825 13890 14360 14265 14253 18211 14308 11615 12621 16379 16012 
2313 0 885 0 1585 354 694 321 2602 1874 2138 4809 1882 1247 1873 2371 1861 2343 799 967 1214 1935 1585 2454 1883 2400 6464 769 2126 1981 4706 2655 2339 1225 1853 705 705 1650 679 1650 544 1413 2530 1168 567 679 679 542 1201 6584 8465 5379 8296 8461 4349 9077 9287 8775 9437 9373 6640 8296 9361 8476 8386 8195 8700 9549 7917 9188 8689 8395 9828 9348 8892 8121 9361 9220 9869 8052 9361 9447 8121 9269 9014 8563 9345 8890 8378 9795 9270 8965 8296 9102 8328 9348 8115 9727 9220 8135 11859 8550 9915 9868 10163 10309 9706 10210 10149 9730 10243 2199 10222 9718 10185 11918 10511 13771 12959 12727 10149 13477 12818 13127 10230 13773 14550 12447 12348 16545 2199 14550 12776 9888 13194 5848 12898 10219 13661 12813 12844 12503 13107 12441 12946 12974 2199 13375 12844 12348 24236 23798 24092 23482 24871 24572 26662 24236 23954 23439 23954 25646 22941 19671 23954 24236 25646 23954 3103 3103 18035 14364 14420 19031 12762 14533 16504 15174 14633 16563 14689 14107 9518 15396 13737 8651 15093 15397 16396 17289 14756 16477 16596 16355 17278 15909 16395 17570 16375 14756 17886 14423 16614 16548 14420 12888 18980 15289 14354 14825 14730 14717 18675 14773 12429 13086 16843 16477 
4207 1585 2722 1585 0 1410 1902 1704 4261 480 1268 3452 871 1057 479 1204 694 3269 2254 2264 1089 3927 0 1261 1013 4392 5343 1125 791 3240 5092 4647 4331 1035 686 1686 1686 1767 1660 1767 1805 2697 4522 2809 1695 1660 1660 1670 1011 5227 7297 4036 7128 7293 3181 7909 8120 7607 8269 8206 5473 7128 8193 7308 7218 7027 7532 8381 6749 8020 7521 7227 8660 8181 7724 6953 8193 8053 8701 6884 8193 8279 6953 8101 7846 7395 8177 7722 7211 8627 8103 7797 7128 7934 7160 8181 6947 8559 8053 6968 11038 7963 9193 9146 9196 8953 8984 8854 9182 9008 8887 3500 8866 8361 8829 10575 9147 12428 11616 11385 9182 12135 11475 11785 8888 12430 13208 11104 11006 15203 3500 13208 11433 9166 11851 4491 11555 8863 12319 11470 11501 11147 11764 11098 11604 11632 3500 12033 11501 11006 23068 22630 22924 23031 23703 23404 25494 23068 22786 23037 22786 24478 21773 20876 22786 23068 24478 22786 1897 1897 16867 13196 13252 17863 11594 13365 15336 14006 13466 15395 13521 12764 8176 14229 12394 7483 13925 14230 15228 16121 13414 15309 15428 15187 15935 14741 15227 16402 15207 13414 16718 13255 15446 15380 13252 11720 17812 14122 13186 13657 13562 13550 17507 13605 11087 11918 15675 15309 
2741 354 917 354 1410 0 725 507 2654 1698 2051 4713 1707 1071 1697 2196 1686 2374 985 1153 907 1987 1410 2279 1796 2452 6369 397 1950 2118 5403 2707 2391 1049 1678 736 736 1527 710 1527 576 1599 2582 1200 397 710 710 372 1025 6488 8289 5297 8120 8286 4174 8902 9112 8600 9261 9198 6465 8120 9185 8301 8211 8020 8525 9373 7741 9013 8514 8220 9652 9173 8716 7945 9185 9045 9693 7876 9185 9271 7945 9093 8839 8387 9169 8715 8203 9619 9095 8789 8120 8926 8152 9173 7939 9551 9045 7960 11891 8589 9819 9772 9822 10214 9610 10115 9808 9634 10148 2230 10127 9622 10090 11836 10408 13689 12877 12646 9808 13396 12736 13046 10149 13691 14469 12365 12267 16464 2230 14469 12694 9792 13112 5752 12816 10124 13580 12731 12762 12408 13025 12359 12865 12893 2230 13294 12762 12267 24060 23622 23916 24023 24695 24396 26486 24060 23778 24029 23778 25470 22766 19703 23778 24060 25470 23778 2964 2964 17860 14189 14245 18855 12587 14357 16328 14998 14458 16388 14513 14025 9437 15221 13655 8476 14917 15222 16220 17114 14675 16301 16420 16180 17196 15733 16220 17395 16199 14675 17711 14248 16439 16373 14245 12713 18805 15114 14179 14649 14554 14542 18500 14597 12348 12910 16668 16301 
2301 694 505 694 1902 725 0 905 3077 1965 2306 4433 1714 1159 1964 2418 1909 1962 1383 1551 1258 2410 1902 2720 2052 2875 6088 850 1956 2516 4326 3130 2814 1137 1900 304 304 1238 278 1238 397 1997 3005 788 938 278 278 913 1113 6208 8228 4998 8265 8431 4525 9047 9257 8745 9407 9343 6610 8265 9331 8446 8356 8165 8670 9519 7887 9158 8659 8365 9798 9318 8861 8091 9331 9190 9839 8022 9331 9417 8091 9239 8984 8532 9315 8860 8172 9765 9240 8934 8265 9072 8298 9318 8085 9697 9190 8105 11479 8169 9539 9492 9783 9933 9330 9834 9769 9354 9867 1818 9846 9342 9809 11537 10131 13390 12578 12347 9769 13097 12437 12747 9850 13392 14170 12066 11968 16165 1818 14170 12395 9512 12813 5472 12517 9843 13281 12432 12463 12282 12726 12060 12566 12594 1818 12995 12463 11968 24205 23767 23268 23121 24047 23748 26631 24205 23130 23058 23130 25615 22911 19291 23130 24205 25615 23130 2682 2682 18005 14334 14390 19000 12732 14502 16473 15143 14603 16533 14658 13726 9138 15366 13356 8447 15062 15367 16365 17259 14376 16446 16565 16325 16897 15878 16365 17540 16344 14376 17856 14393 16584 16518 14390 12858 18950 15259 14324 14794 14699 14687 18645 14742 12049 13055 16813 16446 
2524 321 1096 321 1704 507 905 0 2165 1992 1865 4966 2001 1365 1991 2490 1980 2554 526 694 1088 1498 1704 2573 1610 1962 6622 738 2244 1628 4917 2218 1902 1343 1972 916 916 1856 890 1856 755 1140 2092 1379 756 890 890 731 1319 6741 8583 5550 8414 8580 4468 9196 9406 8894 9555 9492 6759 8414 9479 8595 8505 8314 8819 9667 8035 9307 8808 8514 9946 9467 9010 8239 9479 9339 9987 8170 9479 9565 8239 9387 9133 8681 9463 9009 8497 9913 9389 9083 8414 9220 8446 9467 8233 9845 9339 8254 12070 8761 10072 10025 10075 10467 9863 10368 10061 9887 10401 2410 10380 9875 10343 12089 10661 13942 13130 12899 10061 13649 12989 13299 10402 13944 14722 12618 12520 16717 2410 14722 12947 10045 13365 6005 13069 10377 13833 12984 13015 12661 13278 12612 13118 13146 2410 13547 13015 12520 24354 23916 24210 23639 24989 24690 26780 24354 24072 23610 24072 25764 23060 19882 24072 24354 25764 24072 3018 3018 18154 14483 14539 19149 12881 14651 16622 15292 14752 16682 14807 14278 9690 15515 13908 8770 15211 15516 16514 17408 14928 16595 16714 16474 17449 16027 16514 17689 16493 14928 18005 14542 16733 16667 14539 13007 19099 15408 14473 14943 14848 14836 18794 14891 12601 13204 16962 16595 
4142 2602 3269 2602 4261 2654 3077 2165 0 4473 3098 7201 4138 3834 4472 4529 4268 4726 1838 1666 2965 734 4261 4251 3097 945 9074 2885 4682 1147 7344 1454 1138 3812 4260 3088 3088 4308 3062 4308 2928 1350 1099 3552 2903 3062 3062 2878 3788 8976 7498 7987 10453 10619 6507 11235 11445 10933 11595 11531 8798 10453 11519 10634 10544 10353 10858 11707 10075 11346 10847 10553 11986 11506 11049 10279 11519 11378 12027 10210 11519 11605 10279 11427 11172 10720 11503 11048 10536 11953 11428 11122 10453 11260 10486 11506 10273 11885 11378 10293 14243 10933 12524 12477 12527 12702 12315 12603 12513 12339 12636 4582 12615 12110 12578 14128 12639 15981 15365 14937 12513 15687 15028 15337 12440 15983 16760 14657 14466 18755 4582 16760 14986 12497 15404 8240 15108 12612 16037 15023 15054 14699 15513 14651 15156 15184 4582 15585 15054 14466 26393 25955 26249 26356 27028 26729 28819 26393 26111 26362 26111 27803 25099 22055 26111 26393 27803 26111 4412 4412 20193 16522 16578 21188 14920 16690 18661 17331 16791 18721 16846 16317 11728 17554 15947 10809 17250 17555 18553 19447 16966 18634 18753 18513 19488 18066 18553 19728 18532 16966 20044 16581 18772 18706 16578 15046 21138 17447 16512 16982 16887 16875 20833 16930 14639 15243 19001 18634 
3872 1874 2435 1874 480 1698 1965 1992 4473 0 1557 3283 915 1081 0 1005 598 3081 2542 2552 1377 3780 480 1031 1302 4219 5174 1413 531 3529 4923 4500 4184 1059 702 1974 1974 1427 1948 1427 2094 2985 4375 3021 1983 1948 1948 1958 1035 5058 7041 3867 7078 7243 3252 7859 8070 7557 8219 8156 5423 7078 8143 7258 7168 6977 7482 8331 6699 7970 7471 7177 8610 8131 7674 6903 8143 8003 8651 6834 8143 8229 6903 8051 7796 7345 8127 7672 6984 8577 8053 7747 7078 7884 7110 8131 6897 8509 8003 6918 10869 7794 9024 8977 9027 8784 8815 8685 9013 8839 8718 3712 8697 8192 8660 10406 8978 12259 11447 11216 9013 11966 11306 11616 8719 12261 13039 10935 10837 15034 3712 13039 11264 8997 11682 4322 11386 8694 12150 11301 11332 10978 11595 10929 11435 11463 3712 11864 11332 10837 23018 22580 22103 21956 22882 22583 25444 23018 21965 21927 21965 24428 21723 20680 21965 23018 24428 21965 1500 1500 16817 13146 13202 17813 11544 13315 15286 13956 13416 15345 13471 12595 8007 14179 12225 7282 13875 14180 15178 16071 13245 15259 15378 15137 15766 14691 15177 16352 15157 13245 16668 13205 15396 15330 13202 11670 17762 14072 13136 13607 13512 13500 17457 13555 10918 11868 15625 15259 
4083 2138 2868 2138 1268 2051 2306 1865 3098 1557 0 4474 1565 1292 1556 2378 1541 4276 1842 1694 1162 2711 1268 1678 281 3149 6365 1681 1809 2670 6114 3431 3115 1270 1533 2688 2688 1895 2662 1895 2527 2127 3305 3151 2256 2662 2662 2231 1246 6249 8471 5836 8302 8467 4355 9083 9294 8781 9443 9380 6647 8302 9367 8482 8392 8201 8706 9555 7923 9194 8695 8401 9834 9355 8898 8127 9367 9227 9875 8058 9367 9453 8127 9275 9020 8569 9351 8896 8385 9801 9277 8971 8302 9108 8334 9355 8121 9733 9227 8142 12060 8985 10215 10168 10218 9975 10006 9876 10204 10030 9909 4182 9888 9383 9851 11976 10169 13829 12638 12786 10204 13536 12876 13186 10289 13831 14609 12505 12314 16604 4182 14609 12834 10188 13252 5513 12956 9885 13885 12871 12902 12548 12786 12499 13005 13033 4182 13434 12902 12314 24242 23804 24098 24205 24877 24578 26668 24242 23960 24211 23960 25652 22947 22277 23960 24242 25652 23960 2260 2260 18041 14370 14426 19037 12768 14539 16510 15180 14640 16569 14695 14165 9577 15403 13795 8657 15099 15404 16402 17295 14815 16483 16602 16361 17336 15915 16401 17576 16381 14815 17892 14429 16620 16554 14426 12894 18986 15296 14360 14831 14736 14724 18681 14779 12488 13092 16849 16483 
6114 4809 3999 4809 3452 4713 4433 4966 7201 3283 4474 0 3275 3998 3282 3270 3135 2794 5444 5612 4338 6751 3452 3088 4219 7216 3131 4335 2769 6577 3317 7471 7155 3976 3127 4444 4444 3163 4418 3163 4536 6058 7346 3813 4962 4418 4418 4937 3952 3015 6101 1148 5832 5997 2707 6613 6824 6311 6973 6910 4177 5832 6897 6012 5922 5731 6236 7085 5453 6724 6225 5931 7364 6885 6428 5657 6897 6757 7405 5588 6897 6983 5657 6805 6147 6099 6881 6426 5738 7331 6807 6501 5832 6638 5864 6885 5651 7263 6757 5672 8826 5701 6981 6934 6984 6741 6772 6642 6970 6796 6675 4232 6654 6149 6617 7558 5796 9411 8851 8368 6970 9118 8458 8768 5871 9413 10191 8087 7896 12186 4232 10191 8416 6954 8834 1662 8538 6651 9467 8453 8484 8303 9036 8081 8587 8615 4232 9016 8484 7896 19791 18656 18646 18245 19425 19126 24198 19791 18508 19079 18508 21201 20477 17832 18508 19791 21201 18508 3725 3725 15571 11900 11956 16567 10298 12069 14040 12710 12170 14099 12225 9747 4976 12933 9377 4738 12629 12934 13932 13607 10397 14013 14132 13891 12918 13445 13931 15106 13911 10397 14204 11959 14150 13053 11956 10424 16516 12826 11890 12361 12266 12254 14387 12309 8070 10622 13161 14013 
3851 1882 1937 1882 871 1707 1714 2001 4138 915 1565 3275 0 1090 914 1447 1146 1897 2628 2480 1386 3497 871 347 1310 3936 5166 1422 663 3457 4454 4217 3901 1068 1144 1725 1725 839 1699 839 1824 2913 4092 2217 1992 1699 1699 1967 1044 5050 7066 3859 7103 7269 3643 7885 8095 7583 8245 8181 5448 7103 8169 7284 7194 7003 7508 8357 6725 7996 7497 7203 8636 8156 7699 6929 8169 8028 8677 6860 8169 8255 6929 8077 7822 7370 8153 7698 7010 8603 8078 7772 7103 7910 7136 8156 6923 8535 8028 6943 10861 7786 9016 8969 9019 8776 8807 8677 9005 8831 8710 2637 8689 8184 8652 10398 8970 12251 11439 11208 9005 11958 11298 11608 8711 12253 13031 10927 10829 15026 2637 13031 11256 8989 11674 4314 11378 8686 12142 11293 11324 10970 11587 10921 11427 11455 2637 11856 11324 10829 23043 22605 22129 21982 22908 22609 25469 23043 21991 21919 21991 24453 21749 20699 21991 23043 24453 21991 1942 1942 16843 13172 13228 17838 11570 13340 15311 13981 13441 15371 13496 12587 7999 14204 12217 7308 13900 14205 15203 16097 13237 15284 15403 15163 15758 14716 15203 16378 15182 13237 16694 13231 15422 15356 13228 11696 17788 14097 13162 13632 13537 13525 17483 13580 10910 11893 15651 15284 
3245 1247 1610 1247 1057 1071 1159 1365 3834 1081 1292 3998 1090 0 1080 1574 1064 3316 1955 1965 790 3193 1057 1662 1037 3631 5888 786 1333 2941 5349 3913 3597 142 1056 1341 1341 1059 1315 1059 1269 2398 3787 1893 1356 1315 1315 1331 94 5773 7667 4582 7498 7664 3552 8280 8490 7978 8640 8576 5843 7498 8564 7679 7589 7398 7903 8752 7120 8391 7892 7598 9031 8551 8094 7324 8564 8423 9072 7255 8564 8650 7324 8472 8217 7765 8548 8093 7581 8998 8473 8167 7498 8305 7531 8551 7318 8930 8423 7338 11593 8534 9765 9718 9767 9498 9556 9399 9753 9580 9432 3547 9411 8907 9374 11121 9692 12974 12162 11930 9753 12680 12021 12330 9433 12976 13753 11650 11551 15748 3547 13753 11979 9738 12397 5037 12101 9408 12864 12016 12047 11692 12310 11644 12149 12177 3547 12578 12047 11551 23438 23000 23294 23401 24073 23774 25864 23438 23156 23407 23156 24848 22144 20605 23156 23438 24848 23156 1838 1838 17238 13567 13623 18233 11965 13735 15706 14376 13836 15766 13891 13310 8721 14599 12940 7854 14295 14600 15598 16492 13959 15679 15798 15558 16481 15111 15598 16773 15577 13959 17089 13626 15817 15751 13623 12091 18183 14492 13557 14027 13932 13920 17878 13975 11632 12288 16046 15679 
3871 1873 2434 1873 479 1697 1964 1991 4472 0 1556 3282 914 1080 0 1004 597 3080 2541 2551 1376 3779 479 1030 1301 4218 5173 1412 530 3528 4922 4499 4183 1058 701 1973 1973 1426 1947 1426 2093 2984 4374 3020 1982 1947 1947 1957 1034 5057 7040 3866 7077 7242 3251 7858 8069 7556 8218 8155 5422 7077 8142 7257 7167 6976 7481 8330 6698 7969 7470 7176 8609 8130 7673 6902 8142 8002 8650 6833 8142 8228 6902 8050 7795 7344 8126 7671 6983 8576 8052 7746 7077 7883 7109 8130 6896 8508 8002 6917 10868 7793 9023 8976 9026 8783 8814 8684 9012 8838 8717 3711 8696 8191 8659 10405 8977 12258 11446 11215 9012 11965 11305 11615 8718 12260 13038 10934 10836 15033 3711 13038 11263 8996 11681 4321 11385 8693 12149 11300 11331 10977 11594 10928 11434 11462 3711 11863 11331 10836 23017 22579 22102 21955 22881 22582 25443 23017 21964 21926 21964 24427 21722 20679 21964 23017 24427 21964 1499 1499 16816 13145 13201 17812 11543 13314 15285 13955 13415 15344 13470 12594 8006 14178 12224 7281 13874 14179 15177 16070 13244 15258 15377 15136 15765 14690 15176 16351 15156 13244 16667 13204 15395 15329 13201 11669 17761 14071 13135 13606 13511 13499 17456 13554 10917 11867 15624 15258 
4510 2371 3025 2371 1204 2196 2418 2490 4529 1005 2378 3270 1447 1574 1004 0 857 3067 3363 3373 1914 4196 1204 1559 2123 4660 5160 1911 881 4037 4910 4916 4600 1552 849 3023 3023 2069 2997 2069 2591 3806 4790 3112 2481 2997 2997 2456 1528 5045 6532 3449 6363 6528 2416 7144 7355 6842 7504 7441 4708 6363 7428 6543 6453 6262 6767 7616 5984 7255 6756 6462 7895 7416 6959 6188 7428 7288 7936 6119 7428 7514 6188 7336 7081 6630 7412 6957 6446 7862 7338 7032 6363 7169 6395 7416 6182 7794 7288 6203 10856 7780 9011 8964 9013 8770 8802 8671 8999 8826 8704 3802 8683 8179 8646 10442 8576 12295 11527 11247 8999 12002 11342 11652 8755 12297 13075 10971 10780 15070 3802 13075 11300 8984 11718 4309 11417 8680 12351 11337 11368 11187 11675 10965 11471 11499 3802 11900 11368 10780 22303 21865 22159 22266 22938 22639 24729 22303 22021 23539 22021 23713 21008 20715 22021 22303 23713 22021 915 915 16102 12431 12487 17098 10829 12600 14571 13241 12701 14630 12756 12631 7644 13464 12261 6718 13160 13465 14463 15356 13281 14544 14663 14422 15802 13976 14462 15637 14442 13281 15953 12490 14681 14615 12487 10955 17047 13357 12421 12892 12797 12785 16742 12840 10954 11153 14910 14544 
4214 1861 2729 1861 694 1686 1909 1980 4268 598 1541 3135 1146 1064 597 857 0 3276 2497 3112 1404 3934 694 1138 1286 4399 5025 1401 474 3775 4775 4654 4338 1042 553 2242 2242 1774 2216 1774 2081 3545 4529 2816 1971 2216 2216 1946 1018 4910 6892 3719 6929 7095 3188 7711 7921 7409 8071 8007 5274 6929 7995 7110 7020 6829 7334 8183 6551 7822 7323 7029 8462 7982 7525 6755 7995 7854 8503 6686 7995 8081 6755 7903 7648 7196 7979 7524 6836 8429 7904 7598 6929 7736 6962 7982 6749 8361 7854 6769 10721 7645 8876 8829 8878 8635 8667 8536 8864 8691 8569 3507 8548 8044 8511 10258 8829 12111 11299 11067 8864 11817 11158 11467 8570 12113 12890 10787 10688 14885 3507 12890 11116 8849 11534 4174 11238 8545 12001 11153 11184 10829 11447 10781 11286 11314 3507 11715 11184 10688 22869 22431 21955 21808 22734 22435 25295 22869 21817 21779 21817 24279 21575 20559 21817 22869 24279 21817 1904 1904 16669 12998 13054 17664 11396 13166 15137 13807 13267 15197 13322 12447 7858 14030 12077 7134 13726 14031 15029 15923 13096 15110 15229 14989 15618 14542 15029 16204 15008 13096 16520 13057 15248 15182 13054 11522 17614 13923 12988 13458 13363 13351 17309 13406 10769 11719 15477 15110 
3069 2343 1528 2343 3269 2374 1962 2554 4726 3081 4276 2794 1897 3316 3080 3067 3276 0 3032 3200 3169 4059 3269 1598 4021 4524 4685 2659 2566 4165 2827 4779 4463 3294 3268 1973 1973 1383 1947 1383 2065 3646 4654 1342 2587 1947 1947 2562 3270 4569 7370 3231 7084 7250 3879 7866 8076 7564 8226 8162 5429 7084 8150 7265 7175 6984 7489 8338 6706 7977 7478 7184 8617 8137 7680 6910 8150 8009 8658 6841 8150 8236 6910 8058 7803 7351 8134 7679 6991 8584 8059 7753 7084 7891 7117 8137 6904 8516 8009 6924 10124 7066 8296 8249 8299 8295 8087 8196 8285 8111 8229 1762 8208 7703 8171 10138 8489 11991 11179 10614 8285 11698 11038 11348 8451 11993 12771 10667 10569 14766 1762 12771 10996 8269 11414 3833 11118 8205 11882 11033 11064 10489 11327 10661 11167 11195 1762 11596 11064 10569 23024 21727 21869 21722 22648 22349 25450 23024 21731 21659 21731 24434 21730 19356 21731 23024 24434 21731 3837 3837 16824 13153 13209 17819 11551 13321 15292 13962 13422 15352 13477 12327 7739 14185 11957 7048 13881 14186 15184 16078 12977 15265 15384 15144 15498 14697 15184 16359 15163 12977 16675 13212 15403 15337 13209 11677 17769 14078 13143 13613 13518 13506 17464 13561 10650 11874 15632 15265 
3002 799 1574 799 2254 985 1383 526 1838 2542 1842 5444 2628 1955 2541 3363 2497 3032 0 180 1118 1210 2254 2741 1587 1635 7100 1216 2794 1169 5650 1930 1614 1933 2489 1394 1394 2334 1368 2334 1233 626 1804 1857 1234 1368 1368 1209 1909 7219 9456 6028 9287 9453 5341 10069 10279 9767 10429 10365 7632 9287 10353 9468 9378 9187 9692 10541 8909 10180 9681 9387 10820 10340 9883 9113 10353 10212 10861 9044 10353 10439 9113 10261 10006 9554 10337 9882 9370 10787 10262 9956 9287 10094 9320 10340 9107 10719 10212 9127 12548 9239 10550 10503 10553 10945 10341 10846 10539 10365 10879 2888 10858 10353 10821 12567 11139 14420 13608 13377 10539 14127 13467 13777 10880 14422 15200 13096 12998 17195 2888 15200 13425 10523 13843 6483 13547 10855 14311 13462 13493 13139 13756 13090 13596 13624 2888 14025 13493 12998 25227 24789 25083 25190 25862 25563 27653 25227 24945 25196 24945 26637 23933 20360 24945 25227 26637 24945 3246 3246 19027 15356 15412 20022 13754 15524 17495 16165 15625 17555 15680 14756 10168 16388 14386 9643 16084 16389 17387 18281 15406 17468 17587 17347 17927 16900 17387 18562 17366 15406 18878 15415 17606 17540 15412 13880 19972 16281 15346 15816 15721 15709 19667 15764 13079 14077 17835 17468 
3170 967 1742 967 2264 1153 1551 694 1666 2552 1694 5612 2480 1965 2551 3373 3112 3200 180 0 1307 1050 2264 2593 1439 1463 7268 1384 2804 1009 5563 1770 1454 1943 3104 1562 1562 2502 1536 2502 1401 466 1644 2025 1402 1536 1536 1377 1919 7387 9466 6831 9297 9463 5351 10079 10289 9777 10439 10375 7642 9297 10363 9478 9388 9197 9702 10551 8919 10190 9691 9397 10830 10350 9893 9123 10363 10222 10871 9054 10363 10449 9123 10271 10016 9564 10347 9892 9380 10797 10272 9966 9297 10104 9330 10350 9117 10729 10222 9137 12716 9407 10718 10671 10721 11113 10509 11014 10707 10533 11047 3056 11026 10521 10989 12735 11307 14588 13776 13545 10707 14295 13635 13945 11048 14590 15368 13264 13166 17363 3056 15368 13593 10691 14011 6651 13715 11023 14479 13630 13661 13307 13924 13258 13764 13792 3056 14193 13661 13166 25237 24799 25093 25200 25872 25573 27663 25237 24955 25206 24955 26647 23943 20528 24955 25237 26647 24955 3256 3256 19037 15366 15422 20032 13764 15534 17505 16175 15635 17565 15690 14924 10336 16398 14554 9653 16094 16399 17397 18291 15574 17478 17597 17357 18095 16910 17397 18572 17376 15574 18888 15425 17616 17550 15422 13890 19982 16291 15356 15826 15731 15719 19677 15774 13247 14087 17845 17478 
3149 1214 1712 1214 1089 907 1258 1088 2965 1377 1162 4338 1386 790 1376 1914 1404 3169 1118 1307 0 2324 1089 1958 907 2762 6228 622 1629 2283 5661 3044 2728 768 1396 1531 1531 1398 1505 1398 1371 1740 2918 1995 1192 1505 1505 1167 744 6113 8007 4922 7838 8004 3892 8620 8830 8318 8980 8916 6183 7838 8904 8019 7929 7738 8243 9092 7460 8731 8232 7938 9371 8891 8434 7664 8904 8763 9412 7595 8904 8990 7664 8812 8557 8105 8888 8433 7921 9338 8813 8507 7838 8645 7871 8891 7658 9270 8763 7678 11905 8847 10077 10030 10080 9838 9868 9739 10066 9892 9772 3025 9751 9247 9714 11461 10032 13314 12502 12270 10066 13020 12361 12670 9773 13316 14093 11990 11891 16088 3025 14093 12319 10050 12737 5377 12441 9748 13204 12356 12387 12032 12650 11984 12489 12517 3025 12918 12387 11891 23778 23340 23634 23741 24413 24114 26204 23778 23496 23747 23496 25188 22484 20916 23496 23778 25188 23496 2380 2380 17578 13907 13963 18573 12305 14075 16046 14716 14176 16106 14231 13650 9061 14939 13280 8194 14635 14940 15938 16832 14299 16019 16138 15898 16821 15451 15938 17113 15917 14299 17429 13966 16157 16091 13963 12431 18523 14832 13897 14367 14272 14260 18218 14315 11972 12628 16386 16019 
3470 1935 2602 1935 3927 1987 2410 1498 734 3780 2711 6751 3497 3193 3779 4196 3934 4059 1210 1050 2324 0 3927 3610 2456 531 8407 2218 4032 480 6677 762 446 3171 3926 2421 2421 3641 2395 3641 2261 683 657 2885 2236 2395 2395 2211 3147 8526 9102 7654 10120 10285 6173 10901 11112 10599 11261 11198 8465 10120 11185 10300 10210 10019 10524 11373 9741 11012 10513 10219 11652 11173 10716 9945 11185 11045 11693 9876 11185 11271 9945 11093 10838 10387 11169 10714 10203 11619 11095 10789 10120 10926 10152 11173 9939 11551 11045 9960 13576 10266 11857 11810 11860 12252 11648 12153 11846 11672 12186 3915 12165 11660 12128 13874 12446 15727 14915 14684 11846 15434 14774 15084 12187 15729 16507 14403 14305 18502 3915 16507 14732 11830 15150 7790 14854 12162 15618 14769 14800 14446 15063 14397 14903 14931 3915 15332 14800 14305 26060 25622 25916 26023 26695 26396 28486 26060 25778 26029 25778 27470 24765 21388 25778 26060 27470 25778 4078 4078 19859 16188 16244 20855 14586 16357 18328 16998 16458 18387 16513 16063 11475 17221 15693 10475 16917 17222 18220 19113 16713 18301 18420 18179 19234 17733 18219 19394 18199 16713 19710 16247 18438 18372 16244 14712 20804 17114 16178 16649 16554 16542 20499 16597 14386 14910 18667 18301 
4207 1585 2722 1585 0 1410 1902 1704 4261 480 1268 3452 871 1057 479 1204 694 3269 2254 2264 1089 3927 0 1261 1013 4392 5343 1125 791 3240 5092 4647 4331 1035 686 1686 1686 1767 1660 1767 1805 2697 4522 2809 1695 1660 1660 1670 1011 5227 7297 4036 7128 7293 3181 7909 8120 7607 8269 8206 5473 7128 8193 7308 7218 7027 7532 8381 6749 8020 7521 7227 8660 8181 7724 6953 8193 8053 8701 6884 8193 8279 6953 8101 7846 7395 8177 7722 7211 8627 8103 7797 7128 7934 7160 8181 6947 8559 8053 6968 11038 7963 9193 9146 9196 8953 8984 8854 9182 9008 8887 3500 8866 8361 8829 10575 9147 12428 11616 11385 9182 12135 11475 11785 8888 12430 13208 11104 11006 15203 3500 13208 11433 9166 11851 4491 11555 8863 12319 11470 11501 11147 11764 11098 11604 11632 3500 12033 11501 11006 23068 22630 22924 23031 23703 23404 25494 23068 22786 23037 22786 24478 21773 20876 22786 23068 24478 22786 1897 1897 16867 13196 13252 17863 11594 13365 15336 14006 13466 15395 13521 12764 8176 14229 12394 7483 13925 14230 15228 16121 13414 15309 15428 15187 15935 14741 15227 16402 15207 13414 16718 13255 15446 15380 13252 11720 17812 14122 13186 13657 13562 13550 17507 13605 11087 11918 15675 15309 
4218 2454 2105 2454 1261 2279 2720 2573 4251 1031 1678 3088 347 1662 1030 1559 1138 1598 2741 2593 1958 3610 1261 0 1423 4049 4979 1994 655 3570 4161 4330 4014 1640 1130 2731 2731 611 2705 611 2830 3026 4205 1919 2564 2705 2705 2539 1616 4863 6879 3672 6916 7082 3456 7698 7908 7396 8058 7994 5261 6916 7982 7097 7007 6816 7321 8170 6538 7809 7310 7016 8449 7969 7512 6742 7982 7841 8490 6673 7982 8068 6742 7890 7635 7183 7966 7511 6823 8416 7891 7585 6916 7723 6949 7969 6736 8348 7841 6756 10674 7599 8829 8782 8832 8589 8620 8490 8818 8644 8523 2338 8502 7997 8465 10211 8783 12064 11252 11021 8818 11771 11111 11421 8524 12066 12844 10740 10642 14839 2338 12844 11069 8802 11487 4127 11191 8499 11955 11106 11137 10783 11400 10734 11240 11268 2338 11669 11137 10642 22856 22418 21942 21795 22721 22422 25282 22856 21804 21732 21804 24266 21562 20512 21804 22856 24266 21804 2073 2073 16656 12985 13041 17651 11383 13153 15124 13794 13254 15184 13309 12400 7812 14017 12030 7121 13713 14018 15016 15910 13050 15097 15216 14976 15571 14529 15016 16191 14995 13050 16507 13044 15235 15169 13041 11509 17601 13910 12975 13445 13350 13338 17296 13393 10723 11706 15464 15097 
3828 1883 2613 1883 1013 1796 2052 1610 3097 1302 281 4219 1310 1037 1301 2123 1286 4021 1587 1439 907 2456 1013 1423 0 2894 6110 1426 1554 2415 5859 3176 2860 1015 1278 2433 2433 1640 2407 1640 2272 1872 3050 2896 2001 2407 2407 1976 991 5994 8216 5581 8047 8212 4100 8828 9039 8526 9188 9125 6392 8047 9112 8227 8137 7946 8451 9300 7668 8939 8440 8146 9579 9100 8643 7872 9112 8972 9620 7803 9112 9198 7872 9020 8765 8314 9096 8641 8130 9546 9022 8716 8047 8853 8079 9100 7866 9478 8972 7887 11805 8730 9960 9913 9963 9720 9751 9621 9949 9775 9654 3927 9633 9128 9596 11721 9914 13574 12383 12531 9949 13281 12621 12931 10034 13576 14354 12250 12059 16349 3927 14354 12579 9933 12997 5258 12701 9630 13630 12616 12647 12293 12531 12244 12750 12778 3927 13179 12647 12059 23987 23549 23843 23950 24622 24323 26413 23987 23705 23956 23705 25397 22692 22022 23705 23987 25397 23705 2005 2005 17786 14115 14171 18782 12513 14284 16255 14925 14385 16314 14440 13910 9322 15148 13540 8402 14844 15149 16147 17040 14560 16228 16347 16106 17081 15660 16146 17321 16126 14560 17637 14174 16365 16299 14171 12639 18731 15041 14105 14576 14481 14469 18426 14524 12233 12837 16594 16228 
3939 2400 3066 2400 4392 2452 2875 1962 945 4219 3149 7216 3936 3631 4218 4660 4399 4524 1635 1463 2762 531 4392 4049 2894 0 8871 2683 4471 944 6887 1196 880 3609 4391 2886 2886 4106 2860 4106 2725 1147 301 3349 2701 2860 2860 2676 3585 8991 9566 8118 10584 10750 6638 11366 11576 11064 11726 11662 8929 10584 11650 10765 10675 10484 10989 11838 10206 11477 10978 10684 12117 11637 11180 10410 11650 11509 12158 10341 11650 11736 10410 11558 11303 10851 11634 11179 10667 12084 11559 11253 10584 11391 10617 11637 10404 12016 11509 10424 14040 10731 12322 12275 12324 12716 12113 12617 12310 12137 12650 4380 12629 12125 12592 14339 12910 16192 15380 15148 12310 15898 15239 15548 12651 16194 16971 14868 14769 18966 4380 16971 15197 12295 15615 8255 15319 12626 16082 15234 15265 14910 15528 14862 15367 15395 4380 15796 15265 14769 26524 26086 26380 26487 27159 26860 28950 26524 26242 26493 26242 27934 25230 21852 26242 26524 27934 26242 4543 4543 20324 16653 16709 21319 15051 16821 18792 17462 16922 18852 16977 16528 11939 17685 16158 10940 17381 17686 18684 19578 17177 18765 18884 18644 19699 18197 18684 19859 18663 17177 20175 16712 18903 18837 16709 15177 21269 17578 16643 17113 17018 17006 20964 17061 14850 15374 19132 18765 
6845 6464 5654 6464 5343 6369 6088 6622 9074 5174 6365 3131 5166 5888 5173 5160 5025 4685 7100 7268 6228 8407 5343 4979 6110 8871 0 6225 4659 8233 2034 9127 8811 5866 5017 6099 6099 5054 6073 5054 6191 7714 9001 5468 6618 6073 6073 6593 5842 843 8015 3938 7741 7907 5632 8523 8738 8020 8883 8819 6086 7741 8807 7922 7832 7641 8146 8995 7363 8634 8135 7845 9204 8794 8337 7567 8807 8666 9145 7498 8807 8893 7567 8715 7680 8008 8791 8336 7652 9071 8716 8410 7741 8378 7774 8794 7561 9003 8666 7581 6822 2690 4112 4065 4114 4086 3903 3987 4100 3927 4020 5708 3999 3494 3962 6487 4187 7765 6655 6453 4100 8181 7426 7858 6820 7709 9017 7098 6371 10673 5708 9017 7670 4085 6887 2629 7224 3996 7409 7421 7452 6291 6769 7456 7112 7199 5708 7241 7452 6371 18279 17144 17134 16733 17913 17614 24150 18279 16996 17567 16996 19689 18055 14634 16996 18279 19689 16996 5930 5930 13114 13810 13866 17080 12208 13978 15949 14619 14079 14524 14134 10282 3929 14842 9912 5644 14538 14843 14638 12939 10016 14719 16041 15801 12651 15354 15841 13250 14496 10016 13492 13869 16060 13790 13866 12334 18426 14735 13800 14270 14175 14163 13051 14218 7044 12531 13745 14719 
2741 769 1202 769 1125 397 850 738 2885 1413 1681 4335 1422 786 1412 1911 1401 2659 1216 1384 622 2218 1125 1994 1426 2683 6225 0 1665 2349 5403 2938 2622 764 1393 1021 1021 1242 995 1242 861 1830 2813 1485 682 995 995 657 740 6110 8004 4918 7835 8001 3889 8617 8827 8315 8976 8913 6180 7835 8900 8016 7926 7735 8240 9088 7456 8728 8229 7935 9367 8888 8431 7660 8900 8760 9408 7591 8900 8986 7660 8808 8554 8102 8884 8430 7918 9334 8810 8504 7835 8641 7867 8888 7654 9266 8760 7675 12176 8589 9819 9772 9822 9835 9610 9736 9808 9634 9769 2515 9748 9244 9711 11458 10029 13311 12499 12267 9808 13017 12358 12667 9770 13313 14090 11987 11888 16085 2515 14090 12316 9792 12734 5374 12438 9745 13201 12353 12384 12029 12647 11981 12486 12514 2515 12915 12384 11888 23775 23337 23631 23738 24410 24111 26201 23775 23493 23744 23493 25185 22481 20658 23493 23775 25185 23493 2599 2599 17575 13904 13960 18570 12302 14072 16043 14713 14173 16103 14228 13647 9058 14936 13277 8191 14632 14937 15935 16829 14296 16016 16135 15895 16818 15448 15935 17110 15914 14296 17426 13963 16154 16088 13960 12428 18520 14829 13894 14364 14269 14257 18215 14312 11969 12625 16383 16016 
4238 2126 2753 2126 791 1950 1956 2244 4682 531 1809 2769 663 1333 530 881 474 2566 2794 2804 1629 4032 791 655 1554 4471 4659 1665 0 3781 4409 4752 4436 1311 577 1967 1967 1216 1941 1216 2066 3237 4627 2754 2235 1941 1941 2210 1287 4544 6560 3353 6597 6762 3137 7378 7589 7076 7738 7675 4942 6597 7662 6777 6687 6496 7001 7850 6218 7489 6990 6696 8129 7650 7193 6422 7662 7522 8170 6353 7662 7748 6422 7570 7315 6864 7646 7191 6503 8096 7572 7266 6597 7403 6629 7650 6416 8028 7522 6437 10355 7279 8510 8463 8512 8269 8301 8170 8498 8325 8203 3173 8182 7678 8145 9892 8463 11745 10933 10701 8498 11451 10792 11101 8204 11747 12524 10421 10322 14519 3173 12524 10750 8483 11168 3808 10872 8179 11635 10787 10818 10463 11081 10415 10920 10948 3173 11349 10818 10322 22537 22099 21622 21475 22401 22102 24963 22537 21484 21413 21484 23947 21242 20193 21484 22537 23947 21484 1376 1376 16336 12665 12721 17332 11063 12834 14805 13475 12935 14864 12990 12081 7492 13698 11711 6801 13394 13699 14697 15590 12730 14778 14897 14656 15252 14210 14696 15871 14676 12730 16187 12724 14915 14849 12721 11189 17281 13591 12655 13126 13031 13019 16976 13074 10403 11387 15144 14778 
3888 1981 2707 1981 3240 2118 2516 1628 1147 3529 2670 6577 3457 2941 3528 4037 3775 4165 1169 1009 2283 480 3240 3570 2415 944 8233 2349 3781 0 6783 1200 884 2919 3767 2527 2527 3467 2501 3467 2366 603 1095 2990 2367 2501 2501 2342 2895 8352 7522 7161 9961 10126 6014 10742 10953 10440 11102 11039 8306 9961 11026 10141 10051 9860 10365 11214 9582 10853 10354 10060 11493 11014 10557 9786 11026 10886 11534 9717 11026 11112 9786 10934 10679 10228 11010 10555 10044 11460 10936 10630 9961 10767 9993 11014 9780 11392 10886 9801 13681 10372 11683 11636 11686 12078 11474 11979 11672 11498 12012 4021 11991 11486 11954 13700 12272 15553 14741 14510 11672 15260 14600 14910 12013 15555 16333 14229 14131 18328 4021 16333 14558 11656 14976 7616 14680 11988 15444 14595 14626 14272 14889 14223 14729 14757 4021 15158 14626 14131 25901 25463 25757 25864 26536 26237 28327 25901 25619 25870 25619 27311 24606 21493 25619 25901 27311 25619 3919 3919 19700 16029 16085 20696 14427 16198 18169 16839 16299 18228 16354 15889 11301 17062 15519 10316 16758 17063 18061 18954 16539 18142 18261 18020 19060 17574 18060 19235 18040 16539 19551 16088 18279 18213 16085 14553 20645 16955 16019 16490 16395 16383 20340 16438 14212 14751 18508 18142 
5050 4706 3892 4706 5092 5403 4326 4917 7344 4923 6114 3317 4454 5349 4922 4910 4775 2827 5650 5563 5661 6677 5092 4161 5859 6887 2034 5403 4409 6783 0 7287 7081 5327 4767 4337 4337 3903 4311 3903 4429 6264 7017 3706 4951 4311 4311 4926 5303 2792 8644 4156 8375 8540 5719 9156 9367 8854 9516 9453 6720 8375 9440 8555 8465 8274 8779 9628 7996 9267 8768 8474 9907 9428 8971 8200 9440 9300 9948 8131 9440 9526 8200 9348 8240 8642 9424 8969 8281 9874 9350 9044 8375 9181 8407 9428 8194 9806 9300 8215 8228 4097 5854 5807 5800 6173 5645 6074 5786 5669 6107 3663 6086 5582 6049 8574 6275 9853 8743 8540 5786 10269 9514 9946 8140 9796 11104 9186 8458 12761 3663 11104 9757 5827 8974 3125 9311 6083 9497 9509 9540 8378 8857 9544 9200 9287 3663 9329 9540 8458 20366 19231 19221 18820 20000 19701 25219 20366 19083 19654 19083 21776 21033 16040 19083 20366 21776 19083 5680 5680 16744 14443 14499 19110 12841 14612 16583 15253 14713 16642 14768 11678 6017 15476 11308 7007 15172 15477 16475 14858 12103 16556 16675 16434 14738 15988 16474 17649 16454 12103 15455 14502 16693 15596 14499 12967 19059 15369 14433 14904 14809 14797 15120 14852 9131 13165 15704 16556 
3040 2655 3322 2655 4647 2707 3130 2218 1454 4500 3431 7471 4217 3913 4499 4916 4654 4779 1930 1770 3044 762 4647 4330 3176 1196 9127 2938 4752 1200 7287 0 390 3891 4646 3141 3141 4361 3115 4361 2981 1403 897 3605 2956 3115 3115 2931 3867 9246 9822 8374 10840 11005 6893 11621 11832 11319 11981 11918 9185 10840 11905 11020 10930 10739 11244 12093 10461 11732 11233 10939 12372 11893 11436 10665 11905 11765 12413 10596 11905 11991 10665 11813 11558 11107 11889 11434 10923 12339 11815 11509 10840 11646 10872 11893 10659 12271 11765 10680 14128 11115 12652 12605 12415 13076 12443 12977 12401 12467 13010 4706 12989 12380 12952 14594 13166 16447 15635 15404 12401 16154 15494 15804 12907 16449 17227 15123 15025 19222 4706 17227 15452 12625 15870 8510 15574 12986 16338 15489 15520 15166 15783 15117 15623 15651 4706 16052 15520 15025 26780 26342 26636 26743 27415 27116 29206 26780 26498 26749 26498 28190 25485 22124 26498 26780 28190 26498 4798 4798 20579 16908 16964 21575 15306 17077 19048 17718 17178 19107 17233 16783 12195 17941 16413 11195 17637 17942 18940 19833 17433 19021 19140 18899 19954 18453 18939 20114 18919 17433 20430 16967 19158 19092 16964 15432 21524 17834 16898 17369 17274 17262 21219 17317 15106 15630 19387 19021 
3210 2339 3006 2339 4331 2391 2814 1902 1138 4184 3115 7155 3901 3597 4183 4600 4338 4463 1614 1454 2728 446 4331 4014 2860 880 8811 2622 4436 884 7081 390 0 3575 4330 2825 2825 4045 2799 4045 2665 1087 581 3289 2640 2799 2799 2615 3551 8930 9506 8058 10524 10689 6577 11305 11516 11003 11665 11602 8869 10524 11589 10704 10614 10423 10928 11777 10145 11416 10917 10623 12056 11577 11120 10349 11589 11449 12097 10280 11589 11675 10349 11497 11242 10791 11573 11118 10607 12023 11499 11193 10524 11330 10556 11577 10343 11955 11449 10364 13963 10654 12261 12214 12267 12656 12052 12557 12253 12076 12590 4486 12569 12064 12532 14278 12850 16131 15319 15088 12253 15838 15178 15488 12591 16133 16911 14807 14709 18906 4486 16911 15136 12234 15554 8194 15258 12566 16022 15173 15204 14850 15467 14801 15307 15335 4486 15736 15204 14709 26464 26026 26320 26427 27099 26800 28890 26464 26182 26433 26182 27874 25169 22294 26182 26464 27874 26182 4482 4482 20263 16592 16648 21259 14990 16761 18732 17402 16862 18791 16917 16467 11879 17625 16097 10879 17321 17626 18624 19517 17117 18705 18824 18583 19638 18137 18623 19798 18603 17117 20114 16651 18842 18776 16648 15116 21208 17518 16582 17053 16958 16946 20903 17001 14790 15314 19071 18705 
