NAME : BANGALORE DISPATCH ADDRESS
COMMENT : INTER_IIT
TYPE : CVRP
DIMENSION : 215
VEHICLES : 10
EDGE_WEIGHT_TYPE : EXPLICIT
EDGE_WEIGHT_FORMAT : FULL_MATRIX
CAPACITY : 25
EDGE_WEIGHT_SECTION
0 1438 1378 1255 1377 1242 1325 1306 1362 1540 373 1296 1297 1243 1288 1228 1144 1197 1424 1394 1296 1327 1486 1239 1160 1370 1547 1355 1314 1160 1517 1114 1592 1538 1279 1291 1368 1368 1121 1367 1121 1285 1464 1503 1218 1344 1120 1366 1369 1269 1523 1218 862 1207 932 1035 1003 1450 895 994 1118 1206 1003 911 958 924 952 1025 894 1004 944 999 1034 975 949 922 1001 975 1074 874 1000 1000 913 975 886 952 988 939 973 1028 975 955 1201 941 973 972 892 1032 972 883 231 884 807 521 796 789 747 787 780 764 787 743 642 727 274 238 285 243 226 785 254 60 84 349 223 173 270 225 784 1852 173 787 985 191 97 722 208 56 97 304 142 272 80 1460 721 846 78 267 1111 984 990 945 1090 1039 1071 1110 972 956 972 1282 1109 1098 971 1108 1282 971 1149 1148 982 1134 1050 1050 1162 1185 1419 1097 907 970 963 968 1056 946 1030 1082 1188 969 844 995 985 1046 968 953 1119 1030 924 961 993 951 1146 993 881 1047 1057 1186 1097 1210 849 1040 1093 1209 921 814 1312 962 981 
1438 0 354 383 354 499 372 369 359 502 1295 506 373 314 464 547 532 503 426 399 373 423 419 495 529 333 486 383 359 562 470 570 385 397 454 433 371 371 544 371 544 418 474 439 364 380 542 369 412 444 460 977 777 785 1029 1159 1098 1544 1051 1117 1246 784 1132 1018 1054 973 1050 1154 936 1109 1039 646 1159 1098 1078 979 1130 1107 1180 1050 1129 1129 977 1093 1070 1052 1117 1070 1096 1134 1107 1086 780 1039 1092 1095 944 1139 1103 944 1469 1652 1244 1319 1154 1170 1298 1145 1158 1315 1145 1296 1219 1278 1277 1492 1517 1499 1313 1143 1491 1386 1409 1274 1476 1375 1341 1349 1142 1482 1375 1224 833 1437 1351 1275 1447 1380 1351 1359 1421 1340 1383 2175 1273 1856 1399 1338 2202 2150 2170 2147 2238 2219 2133 2201 2151 2172 2151 2431 2200 1962 2151 2200 2431 2150 594 594 1687 1431 1459 1459 1321 1410 198 1506 1543 1378 1540 1377 1465 1589 826 1491 1597 1549 1705 1535 1565 1598 1548 1794 1528 1582 1771 1658 1534 1531 1443 1592 1614 1456 1604 1595 1506 1507 1661 1449 1606 1618 1768 721 1430 1372 1561 
1378 354 0 179 0 324 177 171 82 330 1235 267 161 308 283 373 388 330 155 122 161 216 242 323 456 90 316 112 167 453 271 415 379 304 276 256 94 94 486 94 486 242 207 266 249 106 485 94 155 267 290 809 755 880 938 1067 1006 1453 960 1026 1155 879 1041 926 962 881 958 1062 844 1017 948 519 1067 1007 987 888 1038 1015 1089 958 1038 1037 886 1002 978 961 1026 978 1004 1042 1015 994 874 948 1000 1003 853 1047 1012 853 1408 1561 1209 1259 1190 1157 1309 1182 1132 1326 1181 1306 1205 1290 1217 1431 1457 1439 1253 1180 1430 1325 1348 1214 1416 1315 1280 1289 1178 1614 1314 1189 864 1376 1291 1285 1386 1319 1290 1299 1361 1280 1323 2083 1284 1910 1339 1277 2111 2059 2094 2087 2146 2141 2042 2110 2075 2112 2074 2340 2109 1870 2074 2108 2339 2073 427 427 1596 1340 1368 1368 1230 1318 277 1415 1452 1287 1448 1286 1373 1497 898 1399 1506 1458 1613 1444 1473 1507 1457 1851 1437 1490 1679 1567 1442 1440 1352 1500 1523 1364 1513 1504 1414 1416 1570 1357 1514 1526 1676 662 1339 1280 1470 
1255 383 179 0 179 364 219 99 184 418 1112 367 89 168 324 417 397 367 257 224 89 284 330 360 357 178 403 197 200 428 367 435 460 391 315 98 196 196 386 196 386 100 309 354 108 206 386 196 210 304 376 855 636 759 861 991 930 1376 883 949 1078 758 964 850 886 805 882 986 768 941 871 518 991 930 910 811 962 939 1012 882 961 961 809 925 902 884 949 902 928 966 939 918 753 871 924 927 776 971 935 776 1285 1484 1092 1141 1069 1040 1191 1061 1014 1209 1060 1189 1088 1172 1094 1308 1334 1316 1130 1059 1307 1202 1225 1091 1293 1192 1157 1166 1057 1606 1191 1072 743 1253 1168 1167 1263 1196 1167 1176 1238 1157 1200 2007 1166 1789 1216 1154 2034 1980 2000 1977 2070 2049 1965 2033 1981 1989 1981 2263 2032 1794 1981 2032 2263 1980 464 464 1519 1263 1291 1291 1153 1242 341 1338 1375 1210 1372 1209 1297 1421 777 1323 1429 1381 1537 1367 1397 1430 1380 1730 1360 1414 1603 1490 1366 1363 1275 1424 1446 1288 1436 1427 1338 1339 1493 1281 1438 1450 1600 539 1262 1204 1393 
1377 354 0 179 0 324 177 171 82 330 1234 267 161 308 283 373 388 330 155 122 161 216 242 323 456 90 316 112 167 453 271 415 379 304 276 256 94 94 486 94 486 242 207 266 249 106 485 94 155 267 290 809 755 880 938 1067 1006 1453 960 1026 1155 879 1041 926 962 881 958 1062 844 1017 948 519 1067 1007 987 888 1038 1015 1089 958 1038 1037 886 1002 978 961 1026 978 1004 1042 1015 994 874 948 1000 1003 853 1047 1012 853 1408 1561 1209 1259 1190 1157 1309 1182 1132 1326 1181 1306 1205 1290 1216 1431 1456 1438 1252 1180 1430 1325 1348 1213 1415 1314 1280 1288 1178 1614 1314 1189 864 1376 1290 1285 1386 1319 1290 1298 1360 1279 1322 2083 1284 1910 1338 1277 2111 2059 2094 2087 2146 2141 2042 2110 2075 2111 2074 2340 2109 1870 2074 2108 2339 2073 427 427 1596 1340 1368 1368 1230 1318 277 1415 1452 1287 1448 1286 1373 1497 898 1399 1506 1458 1613 1444 1473 1507 1457 1851 1437 1490 1679 1567 1442 1440 1352 1500 1523 1364 1513 1504 1414 1416 1570 1357 1514 1526 1676 662 1339 1280 1470 
1242 499 324 364 324 0 278 342 306 489 1099 199 344 438 187 124 218 160 364 338 344 224 439 0 263 323 509 289 291 234 474 248 556 497 180 383 319 319 353 319 353 428 401 464 378 260 352 319 312 171 485 662 653 929 794 923 862 1309 816 882 1011 927 897 782 818 737 814 918 700 873 804 361 923 863 843 744 894 871 945 814 894 893 742 858 834 817 882 834 860 898 871 850 922 804 856 859 709 903 868 709 1272 1417 1129 1124 1125 1077 1174 1116 1051 1192 1116 1172 1071 1155 1081 1295 1321 1303 1117 1114 1294 1189 1212 1078 1280 1179 1144 1153 1113 1719 1178 1109 800 1240 1155 1150 1250 1183 1154 1163 1225 1144 1187 1939 1149 1851 1203 1141 1967 1915 1950 1948 2002 1997 1898 1966 1931 1976 1930 2196 1965 1726 1930 1964 2195 1929 266 266 1452 1196 1224 1224 1086 1174 424 1271 1308 1143 1304 1142 1229 1353 955 1255 1362 1314 1469 1300 1329 1363 1313 1836 1293 1346 1535 1423 1298 1296 1208 1356 1379 1220 1369 1360 1270 1272 1426 1213 1370 1382 1532 515 1195 1136 1326 
1325 372 177 219 177 278 0 156 182 394 1182 283 179 348 216 329 335 282 255 222 179 194 306 275 385 176 380 182 147 384 365 362 436 368 209 230 194 194 426 194 426 282 307 330 289 171 425 194 200 200 354 779 701 898 895 1025 964 1410 917 983 1112 897 998 884 920 839 916 1020 802 975 905 469 1025 964 944 845 996 973 1046 916 995 995 844 959 936 918 983 936 962 1000 973 952 892 905 958 961 811 1005 969 810 1356 1518 1155 1205 1151 1103 1255 1143 1078 1272 1142 1252 1151 1236 1164 1379 1404 1386 1200 1141 1378 1273 1296 1161 1363 1262 1228 1236 1139 1627 1262 1135 826 1324 1238 1231 1334 1267 1238 1246 1308 1227 1270 2041 1230 1902 1286 1225 2068 2017 2052 2033 2104 2099 1999 2067 2032 2059 2032 2297 2066 1828 2031 2066 2297 2031 374 374 1553 1297 1325 1325 1187 1276 295 1372 1409 1244 1406 1243 1331 1455 929 1357 1463 1415 1571 1401 1431 1464 1414 1867 1394 1448 1637 1524 1400 1397 1309 1458 1480 1322 1470 1461 1372 1373 1527 1315 1472 1484 1634 610 1296 1238 1427 
1306 369 171 99 171 342 156 0 176 409 1163 346 79 229 269 392 398 346 249 216 79 260 322 338 410 170 393 189 137 421 358 425 451 382 262 176 188 188 429 188 429 163 301 345 169 198 428 188 202 253 366 835 688 811 912 1042 981 1427 934 1000 1129 810 1015 901 937 856 933 1037 819 992 922 531 1042 981 961 862 1013 990 1063 933 1012 1012 860 976 953 935 1000 953 979 1017 990 969 805 922 975 978 827 1022 986 827 1337 1535 1143 1193 1121 1091 1243 1113 1066 1260 1112 1240 1139 1224 1145 1360 1385 1367 1181 1111 1359 1254 1277 1142 1344 1243 1209 1217 1109 1628 1243 1123 795 1305 1219 1219 1315 1248 1219 1227 1289 1208 1251 2058 1218 1841 1267 1206 2085 2031 2051 2028 2121 2100 2016 2084 2032 2040 2032 2314 2083 1845 2032 2083 2314 2031 437 437 1570 1314 1342 1342 1204 1293 316 1389 1426 1261 1423 1260 1348 1472 829 1374 1480 1432 1588 1418 1448 1481 1431 1782 1411 1465 1654 1541 1417 1414 1326 1475 1497 1339 1487 1478 1389 1390 1544 1332 1489 1501 1651 591 1313 1255 1444 
1362 359 82 184 82 306 182 176 0 300 1219 214 166 313 266 356 369 313 107 74 166 185 212 305 437 95 285 63 172 433 232 395 348 273 259 261 46 46 469 46 469 247 159 235 254 53 468 46 141 250 259 766 738 881 920 1050 989 1435 942 1008 1137 880 1023 909 945 864 941 1045 827 1000 930 501 1050 989 969 870 1021 998 1071 941 1020 1020 869 984 961 943 1008 961 987 1025 998 977 876 930 983 986 836 1030 994 835 1393 1543 1192 1242 1188 1140 1292 1180 1115 1309 1179 1289 1188 1273 1201 1416 1441 1423 1237 1178 1415 1310 1333 1198 1400 1299 1265 1273 1176 1616 1299 1172 863 1361 1275 1268 1371 1304 1275 1283 1345 1264 1307 2066 1267 1911 1323 1262 2093 2042 2077 2070 2129 2124 2024 2092 2057 2096 2057 2322 2091 1853 2056 2091 2322 2056 385 385 1578 1322 1350 1350 1212 1301 280 1397 1434 1269 1431 1268 1356 1480 900 1382 1488 1440 1596 1426 1456 1489 1439 1853 1419 1473 1662 1549 1425 1422 1334 1483 1505 1347 1495 1486 1397 1398 1552 1340 1497 1509 1659 647 1321 1263 1452 
1540 502 330 418 330 489 394 409 300 0 1397 366 400 533 487 538 509 492 219 248 400 397 127 486 635 294 173 332 385 611 184 534 263 188 479 484 268 268 669 268 669 473 225 123 477 322 668 268 393 468 147 751 938 1061 1050 1180 1119 1514 1072 1138 1267 1060 1153 1039 1075 994 1071 1175 957 1130 1060 631 1180 1119 1099 1000 1151 1128 1194 1071 1150 1150 999 1114 1091 1073 1138 1091 1117 1155 1128 1107 1055 1060 1113 1116 966 1160 1124 965 1570 1673 1392 1430 1388 1340 1480 1380 1315 1498 1379 1478 1377 1461 1379 1605 1619 1613 1415 1378 1592 1487 1510 1376 1578 1477 1444 1451 1376 1744 1476 1372 1063 1538 1453 1456 1548 1481 1452 1473 1535 1454 1485 2196 1455 2110 1501 1441 2223 2172 2207 2205 2259 2254 2154 2222 2187 2271 2187 2452 2221 1983 2186 2221 2452 2186 515 515 1708 1452 1480 1480 1342 1431 413 1527 1564 1399 1561 1398 1486 1610 1096 1512 1618 1570 1726 1556 1586 1619 1569 2052 1549 1603 1792 1679 1555 1552 1464 1613 1635 1477 1625 1616 1527 1528 1682 1470 1627 1639 1789 790 1451 1393 1582 
373 1295 1235 1112 1234 1099 1182 1163 1219 1397 0 1153 1154 1100 1145 1085 1001 1054 1281 1251 1153 1184 1343 1096 1017 1227 1404 1212 1171 1017 1374 971 1449 1395 1136 1148 1225 1225 978 1224 978 1142 1321 1360 1075 1201 977 1223 1226 1126 1380 1075 835 1194 789 892 860 1307 752 851 975 1193 860 768 815 781 809 882 751 861 801 856 891 832 806 779 858 832 931 731 857 857 770 832 743 809 845 796 830 885 832 812 1189 798 830 829 749 889 829 740 411 866 961 693 955 926 893 946 917 910 946 890 789 874 201 479 464 468 242 944 435 321 345 200 419 308 272 282 943 2079 307 941 956 377 285 869 388 315 285 325 386 293 318 1452 868 1012 335 269 1276 1149 1155 1110 1255 1204 1236 1275 1137 1121 1137 1447 1274 1263 1136 1273 1447 1136 1006 1005 964 1022 973 973 1060 1085 1276 1020 889 894 945 892 976 928 1079 1004 1111 951 790 977 967 1028 950 1138 1042 1012 987 943 975 933 1034 1003 780 969 1045 1109 1019 1098 776 962 993 1131 984 671 1169 886 963 
1296 506 267 367 267 199 283 346 214 366 1153 0 349 487 194 248 235 214 183 165 349 116 276 198 305 280 352 197 289 335 289 265 411 338 187 422 169 169 435 169 435 426 210 302 432 177 434 169 290 178 326 615 718 1020 807 937 876 1322 829 895 1024 1018 910 796 832 751 828 932 714 887 817 383 937 876 856 757 908 885 958 828 907 907 756 871 848 830 895 848 874 912 885 864 1013 817 870 873 723 917 881 722 1326 1430 1193 1188 1189 1141 1238 1180 1115 1256 1180 1236 1135 1219 1135 1361 1375 1369 1171 1178 1348 1243 1266 1132 1334 1233 1200 1207 1177 1745 1232 1173 865 1294 1209 1214 1304 1237 1208 1229 1291 1210 1241 1953 1213 1917 1257 1197 1980 1929 1964 1962 2016 2011 1911 1979 1944 2027 1944 2209 1978 1740 1943 1978 2209 1943 260 260 1465 1209 1237 1237 1099 1188 419 1284 1321 1156 1318 1155 1243 1367 1019 1269 1375 1327 1483 1313 1343 1376 1326 1900 1306 1360 1549 1436 1312 1309 1221 1370 1392 1234 1382 1373 1284 1285 1439 1227 1384 1396 1546 546 1208 1150 1339 
1297 373 161 89 161 344 179 79 166 400 1154 349 0 219 292 390 397 358 239 206 0 266 312 340 400 160 384 179 160 411 349 435 441 372 284 166 178 178 419 178 419 153 291 335 159 188 418 178 192 274 356 838 679 801 903 1032 971 1418 925 991 1120 800 1006 891 927 846 923 1027 809 982 913 521 1032 972 952 852 1003 980 1054 923 1003 1002 851 967 943 926 991 943 969 1007 980 959 795 913 965 968 818 1012 977 818 1327 1526 1133 1183 1111 1081 1233 1103 1056 1250 1102 1230 1129 1214 1136 1350 1376 1358 1172 1101 1349 1244 1267 1133 1335 1234 1199 1208 1099 1634 1233 1113 785 1295 1210 1209 1305 1238 1209 1218 1280 1199 1242 2048 1208 1831 1258 1196 2076 2021 2041 2018 2111 2090 2007 2075 2023 2031 2023 2305 2074 1835 2022 2073 2304 2022 450 450 1561 1305 1333 1333 1195 1283 322 1380 1417 1252 1413 1251 1338 1462 819 1364 1471 1423 1578 1409 1438 1472 1422 1772 1402 1455 1644 1532 1407 1405 1317 1465 1488 1329 1478 1469 1379 1381 1535 1322 1479 1491 1641 581 1304 1245 1435 
1243 314 308 168 308 438 348 229 313 533 1100 487 219 0 449 489 468 442 387 353 219 414 457 434 350 307 517 327 329 473 487 504 528 508 440 216 325 325 370 325 370 207 434 473 135 336 370 325 340 429 493 932 626 689 847 977 916 1362 869 935 1064 688 950 836 872 791 868 972 754 927 857 541 977 916 896 797 948 925 998 868 947 947 795 911 888 870 935 888 914 952 925 904 684 857 910 913 762 957 921 762 1273 1470 1082 1131 1029 1030 1173 1021 1004 1190 1020 1171 1069 1154 1082 1296 1322 1304 1118 1019 1295 1190 1213 1079 1281 1180 1145 1154 1017 1537 1179 1062 703 1241 1156 1149 1251 1184 1155 1164 1226 1145 1188 1993 1148 1738 1204 1142 2020 1968 1988 1965 2056 2037 1951 2019 1969 1977 1969 2249 2018 1780 1969 2018 2249 1968 530 530 1505 1249 1277 1277 1139 1228 342 1324 1361 1196 1358 1195 1283 1407 708 1309 1415 1367 1523 1353 1383 1416 1366 1676 1346 1400 1589 1476 1352 1349 1261 1410 1432 1274 1422 1413 1324 1325 1479 1267 1424 1436 1586 525 1248 1190 1379 
1288 464 283 324 283 187 216 269 266 487 1145 194 292 449 0 243 249 191 325 298 292 185 403 186 328 282 473 248 254 329 438 279 520 461 0 335 279 279 428 279 428 393 363 428 389 219 427 279 271 48 449 703 698 941 818 948 887 1333 840 906 1035 940 921 807 843 762 839 943 725 898 828 391 948 887 867 768 919 896 969 839 918 918 767 882 859 841 906 859 885 923 896 875 935 828 881 884 734 928 892 733 1319 1441 1162 1168 1158 1110 1218 1150 1085 1236 1149 1216 1115 1199 1127 1342 1367 1349 1163 1148 1341 1236 1259 1124 1326 1225 1191 1199 1146 1714 1225 1142 833 1287 1201 1194 1297 1230 1201 1209 1271 1190 1233 1964 1193 1897 1249 1188 1991 1940 1975 1973 2027 2022 1922 1990 1955 2022 1955 2220 1989 1751 1954 1989 2220 1954 296 296 1476 1220 1248 1248 1110 1199 389 1295 1332 1167 1329 1166 1254 1378 972 1280 1386 1338 1494 1324 1354 1387 1337 1874 1317 1371 1560 1447 1323 1320 1232 1381 1403 1245 1393 1384 1295 1296 1450 1238 1395 1407 1557 557 1219 1161 1350 
1228 547 373 417 373 124 329 392 356 538 1085 248 390 489 243 0 213 183 411 386 390 274 486 123 264 372 549 338 338 194 516 283 597 538 236 430 367 367 335 367 335 478 446 505 431 309 335 367 361 227 525 709 638 977 810 940 879 1325 832 898 1027 975 913 799 835 754 831 935 717 890 820 396 940 879 859 760 911 888 961 831 910 910 758 874 851 833 898 851 877 915 888 867 970 820 873 876 725 920 884 725 1259 1433 1113 1108 1109 1061 1158 1100 1035 1176 1100 1156 1055 1139 1067 1282 1307 1289 1103 1098 1281 1176 1199 1064 1266 1165 1131 1139 1097 1767 1165 1093 785 1227 1141 1134 1237 1170 1141 1149 1211 1130 1173 1956 1133 1837 1189 1128 1983 1932 1960 1937 2019 2009 1914 1982 1942 1962 1942 2212 1981 1743 1941 1981 2212 1941 306 306 1468 1212 1240 1240 1102 1191 465 1287 1324 1159 1321 1158 1246 1370 939 1272 1378 1330 1486 1316 1346 1379 1329 1820 1309 1363 1552 1439 1315 1312 1224 1373 1395 1237 1385 1376 1287 1288 1442 1230 1387 1399 1549 501 1211 1153 1342 
1144 532 388 397 388 218 335 398 369 509 1001 235 397 468 249 213 0 178 398 372 397 296 464 217 258 385 528 352 350 213 500 92 575 516 242 439 359 359 319 359 319 459 432 484 410 324 319 359 374 233 504 591 588 950 663 793 732 1179 685 751 880 949 766 652 688 607 684 788 570 743 673 221 793 732 712 613 764 741 814 684 763 763 612 727 704 686 751 704 730 768 741 720 945 673 726 729 579 773 737 578 1175 1286 1063 1059 1059 1011 1109 1051 986 1126 1050 1106 1005 1090 983 1208 1223 1216 1019 1049 1197 1092 1115 980 1182 1081 1048 1055 1047 1746 1081 1043 735 1143 1057 1085 1153 1086 1057 1076 1138 1057 1089 1809 1084 1764 1105 1045 1836 1785 1820 1818 1872 1867 1767 1835 1800 1878 1800 2065 1834 1596 1799 1834 2065 1799 145 145 1321 1065 1093 1093 955 1044 476 1140 1177 1012 1174 1011 1099 1223 889 1125 1231 1183 1339 1169 1199 1232 1182 1771 1162 1216 1405 1292 1168 1165 1077 1226 1248 1090 1238 1229 1140 1141 1295 1083 1240 1252 1402 397 1064 1006 1195 
1197 503 330 367 330 160 282 346 313 492 1054 214 358 442 191 183 178 0 376 350 358 239 443 159 243 329 511 295 297 181 483 248 558 499 184 409 326 326 303 326 303 431 413 467 381 266 303 326 318 175 487 664 608 931 781 911 850 1296 803 869 998 929 884 770 806 725 802 906 688 861 791 362 911 850 830 731 882 859 932 802 881 881 729 845 822 804 869 822 848 886 859 838 924 791 844 847 696 891 855 696 1228 1404 1084 1079 1080 1032 1129 1071 1006 1147 1071 1127 1026 1110 1036 1251 1276 1258 1072 1069 1250 1145 1168 1033 1235 1134 1100 1108 1068 1721 1134 1064 755 1196 1110 1105 1206 1139 1110 1118 1180 1099 1142 1927 1104 1806 1158 1097 1954 1903 1931 1908 1990 1980 1885 1953 1913 1931 1913 2183 1952 1714 1912 1952 2183 1912 269 269 1439 1183 1211 1211 1073 1162 428 1258 1295 1130 1292 1129 1217 1341 910 1243 1349 1301 1457 1287 1317 1350 1300 1791 1280 1334 1523 1410 1286 1283 1195 1344 1366 1208 1356 1347 1258 1259 1413 1201 1358 1370 1520 470 1182 1124 1313 
1424 426 155 257 155 364 255 249 107 219 1281 183 239 387 325 411 398 376 0 41 239 205 131 361 477 168 205 140 245 489 167 425 268 193 318 334 61 61 529 61 529 321 111 155 327 130 528 61 215 308 179 750 798 940 946 1076 1015 1461 968 1034 1163 939 1049 935 971 890 967 1071 853 1026 956 527 1076 1015 995 896 1047 1024 1097 967 1046 1046 895 1010 987 969 1034 987 1013 1051 1024 1003 935 956 1009 1012 862 1056 1020 861 1454 1569 1253 1302 1249 1201 1352 1240 1175 1370 1240 1350 1249 1333 1263 1477 1503 1485 1299 1238 1476 1371 1394 1260 1462 1361 1326 1335 1237 1674 1360 1233 924 1422 1337 1328 1432 1365 1336 1345 1407 1326 1369 2092 1327 1970 1385 1323 2119 2068 2103 2101 2155 2150 2050 2118 2083 2158 2083 2348 2117 1879 2082 2117 2348 2082 410 410 1604 1348 1376 1376 1238 1327 344 1423 1460 1295 1457 1294 1382 1506 959 1408 1514 1466 1622 1452 1482 1515 1465 1912 1445 1499 1688 1575 1451 1448 1360 1509 1531 1373 1521 1512 1423 1424 1578 1366 1523 1535 1685 687 1347 1289 1478 
1394 399 122 224 122 338 222 216 74 248 1251 165 206 353 298 386 372 350 41 0 206 171 159 335 461 135 234 106 212 464 172 399 295 220 291 301 28 28 500 28 500 287 93 184 294 96 499 28 182 282 208 735 769 912 923 1053 992 1438 945 1011 1140 911 1026 912 948 867 944 1048 830 1003 933 504 1053 992 972 873 1024 1001 1074 944 1023 1023 872 987 964 946 1011 964 990 1028 1001 980 906 933 986 989 839 1033 997 838 1425 1546 1224 1273 1220 1172 1323 1211 1146 1341 1211 1321 1220 1304 1233 1448 1473 1455 1269 1209 1447 1342 1365 1230 1432 1331 1297 1305 1208 1648 1331 1204 895 1393 1307 1299 1403 1336 1307 1315 1377 1296 1339 2069 1298 1942 1355 1294 2096 2045 2080 2078 2132 2127 2027 2095 2060 2128 2060 2325 2094 1856 2059 2094 2325 2059 386 386 1581 1325 1353 1353 1215 1304 315 1400 1437 1272 1434 1271 1359 1483 930 1385 1491 1443 1599 1429 1459 1492 1442 1883 1422 1476 1665 1552 1428 1425 1337 1486 1508 1350 1498 1489 1400 1401 1555 1343 1500 1512 1662 663 1324 1266 1455 
1296 373 161 89 161 344 179 79 166 400 1153 349 0 219 292 390 397 358 239 206 0 266 312 340 400 160 384 179 160 411 349 435 441 372 284 166 178 178 417 178 417 153 291 335 159 188 416 178 192 274 356 837 677 799 902 1031 970 1417 924 990 1119 798 1005 890 926 845 922 1026 808 981 912 519 1031 971 951 851 1002 979 1053 922 1002 1001 850 966 942 925 990 942 968 1006 979 958 794 912 964 967 817 1011 976 817 1326 1525 1132 1182 1110 1080 1232 1101 1055 1249 1101 1229 1128 1213 1135 1349 1375 1357 1171 1099 1348 1243 1266 1132 1334 1233 1198 1207 1098 1632 1232 1112 783 1294 1209 1208 1304 1237 1208 1217 1279 1198 1241 2047 1207 1829 1257 1195 2075 2020 2040 2017 2110 2089 2006 2074 2022 2030 2022 2304 2073 1834 2021 2072 2303 2021 450 450 1560 1304 1332 1332 1194 1282 322 1379 1416 1251 1412 1250 1337 1461 818 1363 1470 1422 1577 1408 1437 1471 1421 1771 1401 1454 1643 1531 1406 1404 1316 1464 1487 1328 1477 1468 1378 1380 1534 1321 1478 1490 1640 580 1303 1244 1434 
1327 423 216 284 216 224 194 260 185 397 1184 116 266 414 185 274 296 239 205 171 266 0 307 223 359 223 383 168 202 360 320 326 437 369 178 334 140 140 458 140 458 348 241 333 354 142 457 140 206 169 357 697 736 951 856 986 925 1371 878 944 1073 949 959 845 881 800 877 981 763 936 866 435 986 925 905 806 957 934 1007 877 956 956 805 920 897 879 944 897 923 961 934 913 944 866 919 922 772 966 930 771 1357 1479 1203 1206 1199 1151 1256 1191 1126 1274 1190 1254 1153 1237 1166 1380 1406 1388 1202 1189 1379 1274 1297 1163 1365 1264 1229 1238 1187 1670 1263 1183 874 1325 1240 1232 1335 1268 1239 1248 1310 1229 1272 2002 1231 1936 1288 1226 2029 1978 2013 2011 2065 2060 1960 2028 1993 2061 1993 2258 2027 1789 1992 2027 2258 1992 313 313 1514 1258 1286 1286 1148 1237 343 1333 1370 1205 1367 1204 1292 1416 981 1318 1424 1376 1532 1362 1392 1425 1375 1915 1355 1409 1598 1485 1361 1358 1270 1419 1441 1283 1431 1422 1333 1334 1488 1276 1433 1445 1595 596 1257 1199 1388 
1486 419 242 330 242 439 306 322 212 127 1343 276 312 457 403 486 464 443 131 159 312 307 0 436 556 206 112 244 297 560 92 489 166 91 394 407 179 179 592 179 592 393 133 62 400 234 591 179 305 383 86 741 861 985 1004 1134 1073 1504 1026 1092 1221 984 1107 993 1029 948 1025 1129 911 1084 1014 585 1134 1073 1053 954 1105 1082 1155 1025 1104 1104 953 1068 1045 1027 1092 1045 1071 1109 1082 1061 979 1014 1067 1070 920 1114 1078 919 1517 1627 1315 1365 1311 1263 1415 1303 1238 1432 1302 1412 1311 1396 1325 1540 1565 1547 1361 1301 1539 1434 1457 1322 1524 1423 1389 1397 1299 1665 1423 1295 986 1485 1399 1391 1495 1428 1399 1407 1469 1388 1431 2150 1390 2034 1447 1386 2177 2126 2161 2159 2213 2208 2108 2176 2141 2220 2141 2406 2175 1937 2140 2175 2406 2140 469 469 1662 1406 1434 1434 1296 1385 329 1481 1518 1353 1515 1352 1440 1564 1020 1466 1572 1524 1680 1510 1540 1573 1523 1976 1503 1557 1746 1633 1509 1506 1418 1567 1589 1431 1579 1570 1481 1482 1636 1424 1581 1593 1743 745 1405 1347 1536 
1239 495 323 360 323 0 275 338 305 486 1096 198 340 434 186 123 217 159 361 335 340 223 436 0 262 322 505 288 288 233 470 247 552 493 179 380 317 317 352 317 352 424 397 460 374 259 351 317 311 170 481 658 650 925 789 919 858 1304 811 877 1006 924 892 778 814 733 810 914 696 869 799 360 919 858 838 739 890 867 940 810 889 889 738 853 830 812 877 830 856 894 867 846 919 799 852 855 705 899 863 704 1270 1412 1125 1120 1121 1073 1170 1112 1047 1188 1112 1168 1067 1151 1078 1293 1318 1300 1114 1110 1292 1187 1210 1075 1277 1176 1142 1150 1109 1715 1176 1105 797 1238 1152 1146 1248 1181 1152 1160 1222 1141 1184 1935 1145 1848 1200 1139 1962 1911 1946 1944 1998 1993 1893 1961 1926 1973 1926 2191 1960 1722 1925 1960 2191 1925 265 265 1447 1191 1219 1219 1081 1170 421 1266 1303 1138 1300 1137 1225 1349 951 1251 1357 1309 1465 1295 1325 1358 1308 1832 1288 1342 1531 1418 1294 1291 1203 1352 1374 1216 1364 1355 1266 1267 1421 1209 1366 1378 1528 512 1190 1132 1321 
1160 529 456 357 456 263 385 410 437 635 1017 305 400 350 328 264 258 243 477 461 400 359 556 262 0 450 619 420 399 188 567 322 667 608 321 345 445 445 196 444 196 402 498 575 329 393 196 443 438 312 595 778 573 896 759 889 828 1274 781 847 976 895 862 748 784 703 780 884 666 839 769 430 889 828 808 709 860 837 910 780 859 859 707 823 800 782 847 800 826 864 837 816 890 769 822 825 674 869 833 674 1191 1382 1048 1044 1044 996 1094 1036 971 1111 1035 1091 990 1075 999 1214 1239 1221 1035 1034 1213 1108 1131 996 1198 1097 1063 1071 1032 1740 1097 1028 720 1159 1073 1070 1169 1102 1073 1081 1143 1062 1105 1905 1069 1769 1121 1060 1932 1881 1909 1883 1968 1958 1863 1931 1891 1894 1891 2161 1930 1692 1890 1930 2161 1890 363 363 1417 1161 1189 1189 1051 1140 508 1236 1273 1108 1270 1107 1195 1319 874 1221 1327 1279 1435 1265 1295 1328 1278 1756 1258 1312 1501 1388 1264 1261 1173 1322 1344 1186 1334 1325 1236 1237 1391 1179 1336 1348 1498 434 1160 1102 1291 
1370 333 90 178 90 323 176 170 95 294 1227 280 160 307 282 372 385 329 168 135 160 223 206 322 450 0 279 119 166 450 258 412 342 267 275 255 107 107 479 107 479 241 220 229 248 119 478 107 154 266 253 808 748 873 931 1061 1000 1446 953 1019 1148 872 1034 920 956 875 952 1056 838 1011 941 512 1061 1000 980 881 1032 1009 1082 952 1031 1031 880 995 972 954 1019 972 998 1036 1009 988 867 941 994 997 847 1041 1005 846 1401 1554 1203 1252 1183 1151 1302 1175 1125 1320 1174 1300 1199 1283 1209 1424 1449 1431 1245 1173 1423 1318 1341 1206 1408 1307 1273 1281 1171 1591 1307 1183 857 1369 1283 1278 1379 1312 1283 1291 1353 1272 1315 2077 1277 1903 1331 1270 2104 2053 2088 2081 2140 2135 2035 2103 2068 2104 2068 2333 2102 1864 2067 2102 2333 2067 424 424 1589 1333 1361 1361 1223 1312 255 1408 1445 1280 1442 1279 1367 1491 891 1393 1499 1451 1607 1437 1467 1500 1450 1844 1430 1484 1673 1560 1436 1433 1345 1494 1516 1358 1506 1497 1408 1409 1563 1351 1508 1520 1670 655 1332 1274 1463 
1547 486 316 403 316 509 380 393 285 173 1404 352 384 517 473 549 528 511 205 234 384 383 112 505 619 279 0 318 371 623 170 553 249 174 464 468 254 254 653 254 653 457 211 96 461 308 652 254 378 453 54 804 922 1045 1069 1198 1137 1568 1091 1157 1286 1044 1172 1057 1093 1012 1089 1193 975 1148 1079 649 1198 1138 1118 1019 1169 1146 1220 1089 1169 1168 1017 1133 1109 1092 1157 1109 1135 1173 1146 1125 1039 1079 1131 1134 984 1178 1143 984 1578 1692 1376 1426 1372 1324 1476 1364 1299 1493 1363 1473 1372 1457 1386 1601 1626 1608 1422 1362 1600 1495 1518 1383 1585 1484 1450 1458 1360 1727 1484 1356 1047 1546 1460 1452 1556 1489 1460 1468 1530 1449 1492 2214 1451 2094 1508 1447 2242 2190 2225 2223 2277 2272 2173 2241 2206 2281 2205 2471 2240 2001 2205 2239 2470 2204 534 533 1727 1471 1499 1499 1361 1449 398 1546 1583 1418 1579 1417 1504 1628 1080 1530 1637 1589 1744 1575 1604 1638 1588 2036 1568 1621 1810 1698 1573 1571 1483 1631 1654 1495 1644 1635 1545 1547 1701 1488 1645 1657 1807 809 1470 1411 1601 
1355 383 112 197 112 289 182 189 63 332 1212 197 179 327 248 338 352 295 140 106 179 168 244 288 420 119 318 0 172 416 264 378 381 306 241 274 78 78 461 78 461 261 191 268 267 38 460 78 119 232 292 748 730 889 902 1031 970 1417 924 990 1119 888 1005 890 926 845 922 1026 808 981 912 483 1031 971 951 852 1002 979 1053 922 1002 1001 850 966 942 925 990 942 968 1006 979 958 883 912 964 967 817 1011 976 817 1385 1525 1185 1234 1181 1133 1284 1172 1107 1302 1172 1282 1181 1265 1194 1408 1434 1416 1230 1170 1407 1302 1325 1191 1393 1292 1257 1266 1169 1634 1291 1165 856 1353 1268 1260 1363 1296 1267 1276 1338 1257 1300 2047 1259 1919 1316 1254 2075 2023 2058 2056 2110 2105 2006 2074 2039 2089 2038 2304 2073 1834 2038 2072 2303 2037 369 368 1560 1304 1332 1332 1194 1282 301 1379 1416 1251 1412 1250 1337 1461 907 1363 1470 1422 1577 1408 1437 1471 1421 1860 1401 1454 1643 1531 1406 1404 1316 1464 1487 1328 1477 1468 1378 1380 1534 1321 1478 1490 1640 639 1303 1244 1434 
1314 359 167 200 167 291 147 137 172 385 1171 289 160 329 254 338 350 297 245 212 160 202 297 288 399 166 371 172 0 409 355 377 426 359 245 234 184 184 418 184 418 263 297 321 270 161 417 184 190 235 345 781 690 877 907 1037 976 1422 929 995 1124 876 1010 896 932 851 928 1032 814 987 917 484 1037 976 956 857 1008 985 1058 928 1007 1007 855 971 948 930 995 948 974 1012 985 964 871 917 970 973 822 1017 981 822 1345 1530 1145 1194 1141 1093 1244 1132 1067 1262 1132 1242 1141 1225 1153 1368 1393 1375 1189 1130 1367 1262 1285 1150 1352 1251 1217 1225 1129 1616 1251 1125 816 1313 1227 1220 1323 1256 1227 1235 1297 1216 1259 2053 1219 1891 1275 1214 2080 2026 2046 2023 2116 2095 2011 2079 2027 2048 2027 2309 2078 1840 2027 2078 2309 2026 389 389 1565 1309 1337 1337 1199 1288 287 1384 1421 1256 1418 1255 1343 1467 909 1369 1475 1427 1583 1413 1443 1476 1426 1856 1406 1460 1649 1536 1412 1409 1321 1470 1492 1334 1482 1473 1384 1385 1539 1327 1484 1496 1646 599 1308 1250 1439 
1160 562 453 428 453 234 384 421 433 611 1017 335 411 473 329 194 213 181 489 464 411 360 560 233 188 450 623 416 409 0 589 283 670 611 322 449 444 444 247 444 247 486 520 579 437 389 247 444 439 313 599 735 571 933 757 886 825 1272 779 845 974 932 860 745 781 700 777 881 663 836 767 405 886 826 806 706 857 834 908 777 857 856 705 821 797 780 845 797 823 861 834 813 928 767 819 822 672 866 831 672 1191 1380 1046 1042 1042 994 1092 1034 969 1109 1033 1089 988 1073 999 1214 1239 1221 1035 1032 1213 1108 1131 996 1198 1097 1063 1071 1030 1773 1097 1026 718 1159 1073 1068 1169 1102 1073 1081 1143 1062 1105 1902 1067 1769 1121 1060 1930 1878 1907 1883 1965 1956 1861 1929 1888 1894 1888 2159 1928 1689 1888 1927 2158 1887 316 316 1415 1159 1187 1187 1049 1137 537 1234 1271 1106 1267 1105 1192 1316 872 1218 1325 1277 1432 1263 1292 1326 1276 1754 1256 1309 1498 1386 1261 1259 1171 1319 1342 1183 1332 1323 1233 1235 1389 1176 1333 1345 1495 433 1158 1099 1289 
1517 470 271 367 271 474 365 358 232 184 1374 289 349 487 438 516 500 483 167 172 349 320 92 470 567 258 170 264 355 589 0 525 229 154 429 437 192 192 623 192 623 427 142 120 431 254 622 192 325 418 144 753 892 1015 1040 1170 1109 1516 1062 1128 1257 1014 1143 1029 1065 984 1061 1165 947 1120 1050 621 1170 1109 1089 990 1141 1118 1191 1061 1140 1140 989 1104 1081 1063 1128 1081 1107 1145 1118 1097 1009 1050 1103 1106 956 1150 1114 955 1548 1663 1346 1396 1342 1294 1446 1334 1269 1463 1333 1443 1342 1427 1356 1571 1596 1578 1392 1332 1570 1465 1488 1353 1555 1454 1420 1428 1330 1714 1454 1326 1017 1516 1430 1422 1526 1459 1430 1438 1500 1419 1462 2186 1421 2064 1478 1417 2213 2162 2197 2195 2249 2244 2144 2212 2177 2251 2177 2442 2211 1973 2176 2211 2442 2176 505 505 1698 1442 1470 1470 1332 1421 384 1517 1554 1389 1551 1388 1476 1600 1050 1502 1608 1560 1716 1546 1576 1609 1559 2006 1539 1593 1782 1669 1545 1542 1454 1603 1625 1467 1615 1606 1517 1518 1672 1460 1617 1629 1779 780 1441 1383 1572 
1114 570 415 435 415 248 362 425 395 534 971 265 435 504 279 283 92 248 425 399 435 326 489 247 322 412 553 378 377 283 525 0 600 541 272 480 386 386 371 386 371 495 457 509 446 351 370 386 401 263 529 577 621 983 620 750 689 1135 642 708 837 982 723 609 645 564 641 745 527 700 630 171 750 689 669 570 721 698 771 641 720 720 569 684 661 643 708 661 687 725 698 677 978 630 683 686 536 730 694 535 1145 1243 1096 1091 1092 1044 1141 1083 1018 1159 1083 1139 1038 1122 953 1209 1193 1195 989 1081 1167 1062 1085 950 1152 1051 1018 1025 1080 1782 1051 1076 768 1113 1027 1117 1123 1056 1027 1069 1124 1037 1059 1766 1116 1739 1075 1015 1793 1742 1777 1775 1829 1824 1724 1792 1757 1845 1757 2022 1791 1553 1756 1791 2022 1756 129 129 1278 1022 1050 1050 912 1001 501 1097 1134 969 1131 968 1056 1180 922 1082 1188 1140 1296 1126 1156 1189 1139 1803 1119 1173 1362 1249 1125 1122 1034 1183 1205 1047 1195 1186 1097 1098 1252 1040 1197 1209 1359 364 1021 963 1152 
1592 385 379 460 379 556 436 451 348 263 1449 411 441 528 520 597 575 558 268 295 441 437 166 552 667 342 249 381 426 670 229 600 0 127 512 522 315 315 696 315 696 512 270 199 515 370 694 315 434 502 223 855 967 975 1116 1245 1184 1619 1138 1204 1333 973 1219 1104 1140 1059 1136 1240 1022 1195 1126 696 1245 1185 1165 1066 1216 1193 1267 1136 1216 1215 1064 1180 1156 1139 1204 1156 1182 1220 1193 1172 968 1126 1178 1181 1031 1225 1190 1031 1623 1739 1396 1471 1346 1344 1490 1337 1318 1507 1337 1488 1411 1470 1431 1646 1671 1653 1467 1335 1645 1540 1563 1428 1630 1529 1495 1503 1334 1633 1529 1376 1025 1591 1505 1467 1601 1534 1505 1513 1575 1494 1537 2261 1465 2043 1553 1492 2289 2237 2272 2270 2324 2319 2220 2288 2253 2326 2252 2518 2287 2048 2252 2286 2517 2251 581 580 1774 1518 1546 1546 1408 1496 294 1593 1630 1465 1626 1464 1551 1675 1013 1577 1684 1636 1791 1622 1651 1685 1635 1981 1615 1668 1857 1745 1620 1618 1530 1678 1701 1542 1691 1682 1592 1594 1748 1535 1692 1704 1854 856 1517 1458 1648 
1538 397 304 391 304 497 368 382 273 188 1395 338 372 508 461 538 516 499 193 220 372 369 91 493 608 267 174 306 359 611 154 541 127 0 452 459 240 240 644 240 644 448 195 124 452 296 643 240 366 441 148 791 913 986 1057 1186 1125 1555 1079 1145 1274 984 1160 1045 1081 1000 1077 1181 963 1136 1067 637 1186 1126 1106 1007 1157 1134 1208 1077 1157 1156 1005 1121 1097 1080 1145 1097 1123 1161 1134 1113 979 1067 1119 1122 972 1166 1131 972 1569 1680 1367 1417 1350 1315 1467 1341 1290 1484 1341 1464 1363 1448 1377 1592 1617 1599 1413 1339 1591 1486 1509 1374 1576 1475 1441 1449 1338 1643 1475 1347 1023 1537 1451 1443 1547 1480 1451 1459 1521 1440 1483 2202 1442 2054 1499 1438 2230 2178 2213 2211 2265 2260 2161 2229 2194 2272 2193 2459 2228 1989 2193 2227 2458 2192 522 521 1715 1459 1487 1487 1349 1437 306 1534 1571 1406 1567 1405 1492 1616 1024 1518 1625 1577 1732 1563 1592 1626 1576 1992 1556 1609 1798 1686 1561 1559 1471 1619 1642 1483 1632 1623 1533 1535 1689 1476 1633 1645 1795 797 1458 1399 1589 
1279 454 276 315 276 180 209 262 259 479 1136 187 284 440 0 236 242 184 318 291 284 178 394 179 321 275 464 241 245 322 429 272 512 452 0 328 272 272 421 272 421 383 356 419 380 212 420 272 264 41 441 694 689 932 809 938 877 1324 831 897 1026 931 912 797 833 752 829 933 715 888 819 384 938 878 858 759 909 886 960 829 909 908 757 873 849 832 897 849 875 913 886 865 926 819 871 874 724 918 883 724 1310 1432 1153 1159 1149 1101 1209 1141 1076 1227 1140 1207 1106 1190 1118 1333 1358 1340 1154 1139 1332 1227 1250 1115 1317 1216 1182 1190 1137 1704 1216 1133 824 1278 1192 1185 1288 1221 1192 1200 1262 1181 1224 1954 1184 1888 1240 1179 1982 1930 1965 1963 2017 2012 1913 1981 1946 2013 1945 2211 1980 1741 1945 1979 2210 1944 289 289 1467 1211 1239 1239 1101 1189 379 1286 1323 1158 1319 1157 1244 1368 963 1270 1377 1329 1484 1315 1344 1378 1328 1865 1308 1361 1550 1438 1313 1311 1223 1371 1394 1235 1384 1375 1285 1287 1441 1228 1385 1397 1547 548 1210 1151 1341 
1291 433 256 98 256 383 230 176 261 484 1148 422 166 216 335 430 439 409 334 301 166 334 407 380 345 255 468 274 234 449 437 480 522 459 328 0 273 273 419 273 419 152 385 424 153 283 418 273 287 317 444 893 672 795 897 1027 966 1412 919 985 1114 794 1000 886 922 841 918 1022 804 977 907 556 1027 966 946 847 998 975 1048 918 997 997 845 961 938 920 985 938 964 1002 975 954 789 907 960 963 812 1007 971 812 1322 1520 1127 1177 1105 1075 1227 1097 1050 1244 1096 1224 1123 1208 1130 1345 1370 1352 1166 1095 1344 1239 1262 1127 1329 1228 1194 1202 1093 1642 1228 1107 779 1290 1204 1203 1300 1233 1204 1212 1274 1193 1236 2043 1202 1825 1252 1191 2070 2016 2036 2013 2106 2085 2001 2069 2017 2025 2017 2299 2068 1830 2017 2068 2299 2016 501 501 1555 1299 1327 1327 1189 1278 401 1374 1411 1246 1408 1245 1333 1457 813 1359 1465 1417 1573 1403 1433 1466 1416 1766 1396 1450 1639 1526 1402 1399 1311 1460 1482 1324 1472 1463 1374 1375 1529 1317 1474 1486 1636 576 1298 1240 1429 
1368 371 94 196 94 319 194 188 46 268 1225 169 178 325 279 367 359 326 61 28 178 140 179 317 445 107 254 78 184 444 192 386 315 240 272 273 0 0 474 0 474 259 113 204 266 68 473 0 154 263 228 740 743 885 908 1038 977 1423 930 996 1125 884 1011 897 933 852 929 1033 815 988 918 489 1038 977 957 858 1009 986 1059 929 1008 1008 857 972 949 931 996 949 975 1013 986 965 880 918 971 974 824 1018 982 823 1398 1531 1197 1247 1193 1145 1297 1185 1120 1314 1184 1294 1193 1278 1207 1421 1447 1429 1243 1183 1420 1315 1338 1204 1406 1305 1270 1279 1181 1621 1304 1177 868 1366 1281 1273 1376 1309 1280 1289 1351 1270 1313 2054 1272 1915 1329 1267 2081 2030 2065 2063 2117 2112 2012 2080 2045 2102 2045 2310 2079 1841 2044 2079 2310 2044 372 371 1566 1310 1338 1338 1200 1289 289 1385 1422 1257 1419 1256 1344 1468 904 1370 1476 1428 1584 1414 1444 1477 1427 1857 1407 1461 1650 1537 1413 1410 1322 1471 1493 1335 1483 1474 1385 1386 1540 1328 1485 1497 1647 648 1309 1251 1440 
1368 371 94 196 94 319 194 188 46 268 1225 169 178 325 279 367 359 326 61 28 178 140 179 317 445 107 254 78 184 444 192 386 315 240 272 273 0 0 474 0 474 259 113 204 266 68 473 0 154 263 228 739 742 885 908 1037 976 1423 930 996 1125 884 1011 896 932 851 928 1032 814 987 918 488 1037 977 957 858 1008 985 1059 928 1008 1007 856 972 948 931 996 948 974 1012 985 964 879 918 970 973 823 1017 982 823 1398 1531 1197 1246 1193 1145 1296 1184 1119 1314 1184 1294 1193 1277 1207 1421 1447 1429 1243 1182 1420 1315 1338 1204 1406 1305 1270 1279 1181 1621 1304 1177 868 1366 1281 1272 1376 1309 1280 1289 1351 1270 1313 2053 1271 1915 1329 1267 2081 2029 2064 2062 2116 2111 2012 2080 2045 2102 2044 2310 2079 1840 2044 2078 2309 2043 372 371 1566 1310 1338 1338 1200 1288 289 1385 1422 1257 1418 1256 1343 1467 903 1369 1476 1428 1583 1414 1443 1477 1427 1856 1407 1460 1649 1537 1412 1410 1322 1470 1493 1334 1483 1474 1384 1386 1540 1327 1484 1496 1646 648 1309 1250 1440 
1121 544 486 386 486 353 426 429 469 669 978 435 419 370 428 335 319 303 529 500 417 458 592 352 196 479 653 461 418 247 623 371 696 644 421 419 474 474 0 473 0 419 569 609 347 450 0 472 474 413 629 799 545 905 721 851 790 1236 743 809 938 904 824 710 746 665 742 846 628 801 731 416 851 790 770 671 822 799 872 742 821 821 669 785 762 744 809 762 788 826 799 778 900 731 784 787 636 831 795 636 1152 1344 1020 1015 1016 968 1065 1007 942 1083 1007 1063 962 1046 960 1175 1200 1182 996 1005 1174 1069 1092 957 1159 1058 1024 1032 1004 1754 1058 1000 692 1120 1034 1041 1130 1063 1034 1042 1104 1023 1066 1867 1040 1730 1082 1021 1894 1843 1869 1844 1930 1918 1825 1893 1851 1855 1851 2123 1892 1654 1850 1892 2123 1850 415 415 1379 1123 1151 1151 1013 1102 523 1198 1235 1070 1232 1069 1157 1281 844 1183 1289 1241 1397 1227 1257 1290 1240 1727 1220 1274 1463 1350 1226 1223 1135 1284 1306 1148 1296 1287 1198 1199 1353 1141 1298 1310 1460 396 1122 1064 1253 
1367 371 94 196 94 319 194 188 46 268 1224 169 178 325 279 367 359 326 61 28 178 140 179 317 444 107 254 78 184 444 192 386 315 240 272 273 0 0 473 0 473 259 113 204 266 68 472 0 154 263 228 739 742 885 908 1037 976 1423 930 996 1125 884 1011 896 932 851 928 1032 814 987 918 488 1037 977 957 858 1008 985 1059 928 1008 1007 856 972 948 931 996 948 974 1012 985 964 879 918 970 973 823 1017 982 823 1398 1531 1197 1246 1193 1145 1296 1184 1119 1314 1184 1294 1193 1277 1206 1421 1446 1428 1242 1182 1420 1315 1338 1203 1405 1304 1270 1278 1181 1621 1304 1177 868 1366 1280 1272 1376 1309 1280 1288 1350 1269 1312 2053 1271 1915 1328 1267 2081 2029 2064 2062 2116 2111 2012 2080 2045 2101 2044 2310 2079 1840 2044 2078 2309 2043 372 371 1566 1310 1338 1338 1200 1288 289 1385 1422 1257 1418 1256 1343 1467 903 1369 1476 1428 1583 1414 1443 1477 1427 1856 1407 1460 1649 1537 1412 1410 1322 1470 1493 1334 1483 1474 1384 1386 1540 1327 1484 1496 1646 648 1309 1250 1440 
