NAME : BANGALORE_PICKUPS
COMMENT : INTER_IIT
TYPE : CVRP
DIMENSION : 24
VEHICLES : 5
EDGE_WEIGHT_TYPE : EXPLICIT
EDGE_WEIGHT_FORMAT : FULL_MATRIX
CAPACITY : 20
EDGE_WEIGHT_SECTION
0 0 1753 3151 877 1079 8349 7765 6220 8617 7579 8092 12230 11601 12619 10959 12275 11629 15347 13530 9017 13474 16480 16522 
0 0 1753 3151 877 1079 8349 7765 6220 8617 7579 8092 12230 11601 12619 10959 12275 11629 15347 13530 9017 13474 16480 16522 
1753 1753 0 1219 972 1529 9618 9034 7490 9887 8849 9362 13844 13215 14233 12573 13889 13243 16616 14800 10631 14744 17749 17791 
3151 3151 1219 0 2091 2647 11277 10693 9148 11545 10507 11020 15242 14613 15631 13971 15287 14641 18275 16458 12029 16402 19408 19450 
877 877 972 2091 0 628 9339 8755 7211 9608 8570 9083 12984 12355 13373 11713 13029 12383 16337 14521 9791 14465 17470 17512 
1079 1079 1529 2647 628 0 9130 8546 7001 9398 8360 8873 12775 12146 13163 11504 12819 12173 16128 14311 9582 14255 17261 17303 
8349 8349 9618 11277 9339 9130 0 606 1881 434 790 260 10575 9646 10663 9004 10319 9673 8916 7100 7461 7044 10049 10091 
7765 7765 9034 10693 8755 8546 606 0 2350 830 440 394 10125 9196 10213 8554 9869 9223 8466 6650 7011 6594 9599 9641 
6220 6220 7490 9148 7211 7001 1881 2350 0 2360 1822 1931 9586 8657 9675 8015 9331 8685 10541 8724 6473 8668 11674 11716 
8617 8617 9887 11545 9608 9398 434 830 2360 0 1010 484 10799 9870 10887 9228 10543 9897 9140 7324 7685 7268 10273 10315 
7579 7579 8849 10507 8570 8360 790 440 1822 1010 0 675 10290 9361 10378 8719 10034 9388 8774 6958 7176 6902 9907 9949 
8092 8092 9362 11020 9083 8873 260 394 1931 484 675 0 10363 9434 10451 8792 10107 9461 8704 6888 7249 6832 9837 9879 
12230 12230 13844 15242 12984 12775 10575 10125 9586 10799 10290 10363 0 1410 570 1741 972 1149 9884 12226 6088 12163 11557 8902 
11601 11601 13215 14613 12355 12146 9646 9196 8657 9870 9361 9434 1410 0 1383 1439 950 658 8381 11264 6841 11201 10732 7399 
12619 12619 14233 15631 13373 13163 10663 10213 9675 10887 10378 10451 570 1383 0 1966 760 1320 10702 14901 6406 14826 11090 8554 
10959 10959 12573 13971 11713 11504 9004 8554 8015 9228 8719 8792 1741 1439 1966 0 2112 1430 8251 10655 5832 10592 9091 7269 
12275 12275 13889 15287 13029 12819 10319 9869 9331 10543 10034 10107 972 950 760 2112 0 1302 8742 13295 7515 11839 10966 7760 
11629 11629 13243 14641 12383 12173 9673 9223 8685 9897 9388 9461 1149 658 1320 1430 1302 0 8686 11512 6303 11449 10323 7704 
15347 15347 16616 18275 16337 16128 8916 8466 10541 9140 8774 8704 9884 8381 10702 8251 8742 8686 0 3925 12605 3850 3346 2053 
13530 13530 14800 16458 14521 14311 7100 6650 8724 7324 6958 6888 12226 11264 14901 10655 13295 11512 3925 0 11753 2038 5058 5100 
9017 9017 10631 12029 9791 9582 7461 7011 6473 7685 7176 7249 6088 6841 6406 5832 7515 6303 12605 11753 0 11697 14092 11847 
13474 13474 14744 16402 14465 14255 7044 6594 8668 7268 6902 6832 12163 11201 14826 10592 11839 11449 3850 2038 11697 0 4983 5025 
16480 16480 17749 19408 17470 17261 10049 9599 11674 10273 9907 9837 11557 10732 11090 9091 10966 10323 3346 5058 14092 4983 0 2383 
16522 16522 17791 19450 17512 17303 10091 9641 11716 10315 9949 9879 8902 7399 8554 7269 7760 7704 2053 5100 11847 5025 2383 0 
NODE_COORD_SECTION
1 129100 775925
2 129100 775925
3 129020 775856
4 128951 775818
5 129102 775858
6 129135 775873
7 129120 776521
8 129161 776514
9 129122 776363
10 129099 776518
11 129154 776486
12 129137 776516
13 129773 776359
14 129716 776410
15 129801 776372
16 129642 776396
17 129784 776428
18 129722 776396
19 129502 776989
20 129315 776905
21 129539 776309
22 129346 776927
23 129611 777015
24 129582 776968
DEMAND_SECTION
1 2
2 2
3 2
4 2
5 2
6 2
7 2
8 2
9 2
10 2
11 2
12 2
13 2
14 2
15 2
16 2
17 2
18 2
19 2
20 2
21 2
22 2
23 2
24 2
DEPOT_SECTION
1
-1
SERVICE_TIME_SECTION
1 0
2 0
3 0
4 0
5 0
6 0
7 0
8 0
9 0
10 0
11 0
12 0
13 0
14 0
15 0
16 0
17 0
18 0
19 0
20 0
21 0
22 0
23 0
24 0
TIME_WINDOW_SECTION
1 0 100000
2 0 100000
3 0 100000
4 0 100000
5 0 100000
6 0 100000
7 0 100000
8 0 100000
9 0 100000
10 0 100000
11 0 100000
12 0 100000
13 0 100000
14 0 100000
15 0 100000
16 0 100000
17 0 100000
18 0 100000
19 0 100000
20 0 100000
21 0 100000
22 0 100000
23 0 100000
24 0 100000
EOF
