NAME : BANGALORE DISPATCH ADDRESS_SOLUTION_EXAMPLE
COMMENT : INTER_IIT
TYPE : CVRP
DIMENSION : 32
VEHICLES : 8
EDGE_WEIGHT_TYPE : EXPLICIT
EDGE_WEIGHT_FORMAT : FULL_MATRIX
CAPACITY : 30
EDGE_WEIGHT_SECTION
0 1104 463 833 1081 411 174 475 774 63 1203 1044 1112 1208 913 193 894 964 911 960 189 135 287 141 862 118 917 1483 942 893 1291 1220 
1104 0 1227 752 188 1053 1173 750 1422 1099 284 1187 1144 431 782 1182 599 825 736 1103 1138 1087 1246 1013 1358 1129 1232 1338 809 748 317 372 
463 1227 0 956 1204 535 536 599 433 459 1326 698 775 1332 1036 555 1017 1087 1035 624 439 400 579 361 464 488 519 1171 1066 1017 1415 1344 
833 752 956 0 651 782 911 392 850 828 853 616 572 868 144 930 338 195 152 531 867 816 975 742 787 863 661 766 173 124 885 880 
1081 188 1204 651 0 1030 1159 669 1321 1076 327 1086 1043 398 681 1169 498 724 635 1002 1115 1064 1223 990 1257 1111 1131 1237 708 647 291 356 
411 1053 535 782 1030 0 490 424 885 407 1152 1059 1092 1157 862 509 843 913 860 974 445 395 553 320 934 442 989 1432 891 842 1240 1169 
174 1173 536 911 1159 490 0 554 853 179 1272 1128 1191 1278 991 104 972 1042 990 1043 155 208 210 186 935 129 990 1562 1021 972 1361 1290 
475 750 599 392 669 424 554 0 949 471 849 893 850 854 472 573 453 523 471 809 509 459 617 384 998 506 938 1044 502 453 903 866 
774 1422 433 850 1321 885 853 949 0 770 1523 474 551 1538 927 875 1008 978 947 400 750 711 890 712 240 820 295 947 956 907 1555 1550 
63 1099 459 828 1076 407 179 471 770 0 1198 1040 1108 1204 908 198 889 959 907 955 185 131 279 146 858 121 913 1479 938 889 1287 1216 
1203 284 1326 853 327 1152 1272 849 1523 1198 0 1288 1245 258 883 1281 700 926 837 1204 1237 1186 1345 1112 1459 1228 1333 1439 910 849 210 264 
1044 1187 698 616 1086 1059 1128 893 474 1040 1288 0 296 1303 692 1147 773 743 712 103 1041 1002 1112 958 410 1080 284 713 722 673 1320 1315 
1112 1144 775 572 1043 1092 1191 850 551 1108 1245 296 0 1260 649 1210 730 700 669 212 1113 1070 1189 1021 488 1143 362 669 678 629 1277 1272 
1208 431 1332 868 398 1157 1278 854 1538 1204 258 1303 1260 0 898 1286 715 941 852 1219 1242 1192 1350 1117 1474 1233 1348 1454 925 864 357 139 
913 782 1036 144 681 862 991 472 927 908 883 692 649 898 0 1010 276 85 113 608 947 896 1055 822 863 943 737 843 63 76 915 910 
193 1182 555 930 1169 509 104 573 875 198 1281 1147 1210 1286 1010 0 991 1061 1009 1062 162 230 214 205 954 148 1009 1581 1040 991 1369 1298 
894 599 1017 338 498 843 972 453 1008 889 700 773 730 715 276 991 0 268 262 689 928 877 1036 803 944 924 818 924 281 309 732 727 
964 825 1087 195 724 913 1042 523 978 959 926 743 700 941 85 1061 268 0 138 659 998 947 1106 873 914 994 788 894 90 127 958 953 
911 736 1035 152 635 860 990 471 947 907 837 712 669 852 113 1009 262 138 0 628 945 895 1053 820 883 942 757 863 115 99 869 864 
960 1103 624 531 1002 974 1043 809 400 955 1204 103 212 1219 608 1062 689 659 628 0 961 917 1038 874 336 995 210 628 637 588 1236 1231 
189 1138 439 867 1115 445 155 509 750 185 1237 1041 1113 1242 947 162 928 998 945 961 0 140 154 202 838 194 893 1494 976 927 1325 1254 
135 1087 400 816 1064 395 208 459 711 131 1186 1002 1070 1192 896 230 877 947 895 917 140 0 259 151 799 183 854 1451 926 877 1275 1204 
287 1246 579 975 1223 553 210 617 890 279 1345 1112 1189 1350 1055 214 1036 1106 1053 1038 154 259 0 310 971 267 1002 1585 1084 1035 1433 1362 
141 1013 361 742 990 320 186 384 712 146 1112 958 1021 1117 822 205 803 873 820 874 202 151 310 0 760 138 815 1392 851 802 1200 1129 
862 1358 464 787 1257 934 935 998 240 858 1459 410 488 1474 863 954 944 914 883 336 838 799 971 760 0 887 263 884 893 844 1491 1486 
118 1129 488 863 1111 442 129 506 820 121 1228 1080 1143 1233 943 148 924 994 942 995 194 183 267 138 887 0 942 1514 973 924 1316 1245 
917 1232 519 661 1131 989 990 938 295 913 1333 284 362 1348 737 1009 818 788 757 210 893 854 1002 815 263 942 0 758 767 718 1365 1360 
1483 1338 1171 766 1237 1432 1562 1044 947 1479 1439 713 669 1454 843 1581 924 894 863 628 1494 1451 1585 1392 884 1514 758 0 872 823 1471 1466 
942 809 1066 173 708 891 1021 502 956 938 910 722 678 925 63 1040 281 90 115 637 976 926 1084 851 893 973 767 872 0 105 942 937 
893 748 1017 124 647 842 972 453 907 889 849 673 629 864 76 991 309 127 99 588 927 877 1035 802 844 924 718 823 105 0 881 876 
1291 317 1415 885 291 1240 1361 903 1555 1287 210 1320 1277 357 915 1369 732 958 869 1236 1325 1275 1433 1200 1491 1316 1365 1471 942 881 0 285 
1220 372 1344 880 356 1169 1290 866 1550 1216 264 1315 1272 139 910 1298 727 953 864 1231 1254 1204 1362 1129 1486 1245 1360 1466 937 876 285 0 
NODE_COORD_SECTION
1 129709 776385
2 129112 775991
3 129578 776708
4 129232 776514
5 129066 776023
6 129546 776385
7 129760 776367
8 129349 776329
9 129614 776885
10 129702 776391
11 129113 775925
12 129365 777037
13 129365 776942
14 129135 775873
15 129137 776516
16 129773 776359
17 129122 776363
18 129099 776518
19 129142 776485
20 129394 776956
21 129784 776428
22 129706 776424
23 129812 776383
24 129642 776396
25 129582 776968
26 129722 776364
27 129493 776990
28 129336 776712
29 129120 776521
30 129161 776514
31 129080 775926
32 129102 775858
DEMAND_SECTION
1 0
2 1000
3 1000
4 1000
5 1000
6 1000
7 1000
8 1000
9 1000
10 1000
11 1
12 1
13 1
14 1
15 1
16 1
17 1
18 1
19 1
20 1
21 1
22 1
23 1
24 1
25 1
26 1
27 1
28 1
29 1
30 1
31 1
32 1
DEPOT_SECTION
1
-1
SERVICE_TIME_SECTION
1 0
2 0
3 0
4 0
5 0
6 0
7 0
8 0
9 0
10 0
11 0
12 0
13 0
14 0
15 0
16 0
17 0
18 0
19 0
20 0
21 0
22 0
23 0
24 0
25 0
26 0
27 0
28 0
29 0
30 0
31 0
32 0
TIME_WINDOW_SECTION
1 0 45000
2 0 45000
3 0 45000
4 0 45000
5 0 45000
6 0 45000
7 0 45000
8 0 45000
9 0 45000
10 0 45000
11 0 45000
12 0 45000
13 0 45000
14 0 45000
15 0 45000
16 0 45000
17 0 45000
18 0 45000
19 0 45000
20 0 45000
21 0 45000
22 0 45000
23 0 45000
24 0 45000
25 0 45000
26 0 45000
27 0 45000
28 0 45000
29 0 45000
30 0 45000
31 0 45000
32 0 45000
EOF
