NAME : BANGALORE_DISPATCH_ADDRESS_FINALS
COMMENT : INTER_IIT
TYPE : CVRP
DIMENSION : 218
VEHICLES : 5
EDGE_WEIGHT_TYPE : EXPLICIT
EDGE_WEIGHT_FORMAT : FULL_MATRIX
CAPACITY : 50
EDGE_WEIGHT_SECTION
0 2313 2197 2313 4207 2741 2302 2524 3565 3882 4093 6113 4206 3245 3881 4510 4214 3007 3169 6113 3149 3470 4207 4218 3838 3940 2723 4912 4263 3888 3010 3041 3211 3223 1700 3183 3025 2587 2769 2587 3047 2790 3479 2505 2990 3183 2769 2965 3199 6384 9895 8805 10247 10096 9692 10712 14179 10410 10913 11009 11072 10247 10996 10111 10293 9830 10335 11184 9552 10823 10324 10436 11463 10984 10527 9756 10996 10856 11386 9809 10996 10996 9662 10839 10649 11062 10980 10525 10403 11430 10906 10600 10247 10554 9607 11123 10004 11362 10856 9755 11471 10063 10817 10054 9700 10158 9724 10059 9686 9702 10092 11143 10071 9946 10034 12563 13500 10064 13591 13451 9686 14561 13542 13851 12303 14482 13748 13135 13078 8708 11143 13987 13748 10790 13918 20070 13622 10037 14293 13537 13568 14475 13739 13436 13670 13396 10763 14047 13568 13078 21328 25294 24846 24699 25667 25348 22064 21328 24708 20513 24708 27192 21328 19069 24708 21328 27192 24708 13447 13447 19670 16473 16056 18878 14397 17735 18461 16809 16269 18198 16094 18030 16330 17032 18301 18650 16728 17134 18031 18822 15479 18112 18713 18902 10818 17544 18030 16719 18010 15479 19142 16059 18249 18183 16056 16214 20620 16925 15990 16331 16365 17144 21719 16408 13153 14721 18478 18112 
2313 0 862 0 1595 354 694 321 2025 1884 2138 4808 1853 1247 1883 2372 1861 2281 966 4808 1214 1935 1595 2464 1883 2400 533 6721 2161 1981 1596 2655 2339 1225 688 1484 1611 384 566 384 1166 587 1939 1169 567 1484 566 542 1201 7568 8466 7115 8612 8462 8057 9078 12750 8776 9279 9374 9438 8612 9362 8477 8659 8196 8701 9550 7917 9189 8690 8802 9829 9349 8892 8121 9362 9221 9752 8175 9362 9362 8027 9205 9015 9428 9346 8891 8769 9796 9271 8965 8612 8920 7972 9489 8370 9728 9221 8120 12372 10245 9916 10236 10163 10340 9707 10241 10149 9518 10274 10418 10253 9718 10216 11838 12774 10246 12865 12726 10149 13836 12816 13126 11578 13756 13022 12410 12352 9171 10418 13261 13022 9889 13192 18152 12896 10219 13568 12811 12842 13750 13013 12710 12945 12671 9845 13322 12842 12352 20602 23660 24004 23394 24825 24506 21338 20602 23866 18879 23866 25558 20602 19713 23866 20602 25558 23866 12018 12018 18036 14838 14421 18152 12763 17009 16826 15174 14634 16564 14459 16396 14695 15397 16667 17016 15093 15499 16396 17187 14753 16477 17079 17268 10093 15909 16396 15084 16375 14753 17508 14424 16615 16549 14421 14579 18985 15290 14355 14696 14730 15509 20084 14773 12428 13086 16844 16477 
2197 862 0 862 2689 893 481 1073 2668 2062 2845 4088 2688 1482 2061 2992 2696 1556 1718 4088 1688 2578 2689 1811 2590 3043 1240 5981 2745 2684 2239 3298 2982 1460 475 962 2254 1136 1318 1136 546 1339 2582 443 1106 962 1318 1081 1436 6843 7884 6794 8455 8304 7900 8920 12168 8618 9121 9217 9280 8455 9204 8319 8501 8038 8543 9392 7760 9031 8532 8644 9671 9192 8735 7964 9204 9064 9594 8017 9204 9204 7870 9047 8857 9270 9188 8733 8611 9638 9114 8808 8455 8762 7815 9331 8214 9570 9064 7963 11647 9525 9196 9516 9437 9620 8987 9521 9423 8798 9554 9692 9533 8997 9496 11112 12049 9526 12140 12000 9423 13110 12091 12400 10852 13031 12297 11684 11627 8445 9692 12536 12297 9169 12467 16292 12171 9499 12842 12086 12117 13024 12288 11985 12219 11945 9125 12596 12117 11627 19877 23502 22835 22688 23656 23337 20613 19877 22697 18721 22697 25400 19877 18987 22697 19877 25400 22697 11436 11436 17878 14681 14264 17427 12605 16284 16669 15017 14477 16406 14302 16238 14538 15240 16509 16858 14936 15342 16239 17030 14028 16320 16921 17110 9367 15752 16238 14927 16218 14028 17350 14267 16457 16391 14264 14422 18828 15133 14198 14539 14573 15352 19927 14616 11702 12929 16686 16320 
2313 0 862 0 1595 354 694 321 2025 1884 2138 4808 1853 1247 1883 2372 1861 2281 966 4808 1214 1935 1595 2464 1883 2400 533 6721 2161 1981 1596 2655 2339 1225 688 1484 1611 384 566 384 1166 587 1939 1169 567 1484 566 542 1201 7568 8466 7115 8612 8462 8057 9078 12750 8776 9279 9374 9438 8612 9362 8477 8659 8196 8701 9550 7917 9189 8690 8802 9829 9349 8892 8121 9362 9221 9752 8175 9362 9362 8027 9205 9015 9428 9346 8891 8769 9796 9271 8965 8612 8920 7972 9489 8370 9728 9221 8120 12372 10245 9916 10236 10163 10340 9707 10241 10149 9518 10274 10418 10253 9718 10216 11838 12774 10246 12865 12726 10149 13836 12816 13126 11578 13756 13022 12410 12352 9171 10418 13261 13022 9889 13192 18152 12896 10219 13568 12811 12842 13750 13013 12710 12945 12671 9845 13322 12842 12352 20602 23660 24004 23394 24825 24506 21338 20602 23866 18879 23866 25558 20602 19713 23866 20602 25558 23866 12018 12018 18036 14838 14421 18152 12763 17009 16826 15174 14634 16564 14459 16396 14695 15397 16667 17016 15093 15499 16396 17187 14753 16477 17079 17268 10093 15909 16396 15084 16375 14753 17508 14424 16615 16549 14421 14579 18985 15290 14355 14696 14730 15509 20084 14773 12428 13086 16844 16477 
4207 1595 2689 1595 0 1420 1901 1704 4017 480 1268 3452 686 1057 479 1204 694 3285 2263 3452 1089 3927 0 1261 1013 4392 1620 7882 816 3240 3199 4647 4331 1035 1669 1124 3142 1816 1998 1816 1586 2019 3470 2809 1705 1124 1998 1680 1011 8980 7298 5947 7444 7294 6890 7910 11582 7608 8111 8206 8270 7444 8194 7309 7491 7028 7533 8382 6750 8021 7522 7634 8661 8181 7724 6954 8194 8053 8584 7007 8194 8194 6859 8037 7847 8260 8178 7723 7601 8628 8103 7797 7444 7752 6804 8321 7204 8560 8053 6952 14065 8858 9195 8849 9197 8953 8986 8854 9183 8797 8887 9052 8866 8361 8829 10494 11431 8859 11522 11382 9183 12492 11473 11782 10234 12413 11679 11066 11009 8673 9052 11918 11679 9168 11849 15706 11553 8832 12224 11468 11499 12406 11670 11367 11601 11327 9141 11978 11499 11009 19259 22492 22836 22943 23657 23338 19995 19259 22698 17711 22698 24390 19259 20424 22698 19259 24390 22698 10850 10850 16868 13670 13253 16809 11595 15666 15658 14006 13466 15396 13291 15228 13527 14229 15499 15848 13925 14331 15228 16019 13410 15309 15911 16100 8749 14741 15228 13916 15207 13410 16340 13256 15447 15381 13253 13411 17817 14122 13187 13528 13562 14341 18916 13605 11084 11918 15676 15309 
2741 354 893 354 1420 0 726 507 2077 1708 2051 4713 1678 1071 1707 2196 1686 2313 1152 4713 907 1987 1420 2289 1796 2452 446 7149 1985 2118 1648 2707 2391 1049 720 1357 1663 570 752 570 1198 773 1991 1200 397 1357 752 372 1025 7600 8290 6940 8437 8286 7882 8902 12575 8600 9103 9199 9262 8437 9186 8301 8483 8020 8525 9374 7742 9013 8514 8626 9653 9174 8717 7946 9186 9046 9576 7999 9186 9186 7852 9029 8839 9252 9170 8715 8593 9620 9096 8790 8437 8744 7797 9313 8194 9552 9046 7944 12404 10150 9821 10141 9823 10245 9612 10146 9809 9423 10179 10315 10158 9622 10121 11755 12692 10151 12783 12643 9809 13753 12734 13043 11495 13674 12940 12327 12270 9299 10315 13179 12940 9794 13110 16699 12814 10124 13485 12729 12760 13667 12931 12628 12862 12588 9750 13239 12760 12270 20520 23484 23828 23935 24649 24330 21256 20520 23690 18703 23690 25382 20520 19744 23690 20520 25382 23690 11843 11843 17860 14663 14246 18070 12587 16927 16651 14999 14459 16388 14284 16220 14520 15222 16491 16840 14918 15324 16221 17012 14671 16302 16903 17092 10010 15734 16220 14909 16200 14671 17332 14249 16439 16373 14246 14404 18810 15115 14180 14521 14555 15334 19909 14598 12345 12911 16668 16302 
2302 694 481 694 1901 726 0 905 2501 1965 2306 4433 1901 1159 1964 2418 1908 1901 1550 4433 1259 2411 1901 2720 2052 2875 1072 6625 1981 2516 2072 3131 2815 1137 287 1091 2087 968 1150 968 754 1171 2415 788 939 1091 1150 914 1113 7188 8229 7139 8800 8649 8245 9265 12513 8963 9466 9562 9625 8800 9549 8664 8846 8383 8888 9737 8105 9376 8877 8989 10016 9537 9080 8309 9549 9409 9939 8362 9549 9549 8215 9392 9202 9615 9533 9078 8956 9983 9459 9153 8800 9107 8160 9676 8557 9915 9409 8308 11992 9870 9541 9861 9782 9965 9332 9866 9768 9143 9899 10037 9878 9342 9841 11457 12394 9871 12485 12345 9768 13455 12436 12745 11197 13376 12642 12029 11972 8790 10037 12881 12642 9514 12812 16637 12516 9844 13187 12431 12462 13369 12633 12330 12564 12290 9470 12941 12462 11972 20222 23847 23180 23033 24001 23682 20958 20222 23042 19066 23042 25745 20222 19332 23042 20222 25745 23042 11781 11781 18223 15026 14609 17772 12950 16629 17014 15362 14822 16751 14647 16583 14883 15585 16854 17203 15281 15687 16584 17375 14373 16665 17266 17455 9712 16097 16583 15272 16563 14373 17695 14612 16802 16736 14609 14767 19173 15478 14543 14884 14918 15697 20272 14961 12047 13274 17031 16665 
2524 321 1073 321 1704 507 905 0 1588 1992 1865 4966 1972 1365 1991 2490 1980 2492 693 4966 1088 1498 1704 2573 1610 1962 260 6932 2269 1628 1159 2218 1902 1343 899 1651 1174 111 293 111 1377 314 1502 1380 756 1651 293 731 1319 7779 8584 7234 8731 8580 8176 9196 12869 8894 9397 9493 9556 8731 9480 8595 8777 8314 8819 9668 8036 9307 8808 8920 9947 9468 9011 8240 9480 9340 9870 8293 9480 9480 8146 9323 9133 9546 9464 9009 8887 9914 9390 9084 8731 9038 8091 9607 8488 9846 9340 8238 12583 10403 10074 10394 10374 10498 9865 10399 10360 9676 10432 10568 10411 9875 10374 12008 12945 10404 13036 12896 10360 14006 12987 13296 11748 13927 13193 12580 12523 9382 10568 13432 13193 10047 13363 17983 13067 10377 13738 12982 13013 13920 13184 12881 13115 12841 10003 13492 13013 12523 20773 23778 24122 23551 24943 24624 21509 20773 23984 18997 23984 25676 20773 19924 23984 20773 25676 23984 12137 12137 18154 14957 14540 18323 12881 17180 16945 15293 14753 16682 14578 16514 14814 15516 16785 17134 15212 15618 16515 17306 14924 16596 17197 17386 10263 16028 16514 15203 16494 14924 17626 14543 16733 16667 14540 14698 19104 15409 14474 14815 14849 15628 20203 14892 12598 13205 16962 16596 
3565 2025 2668 2025 4017 2077 2501 1588 0 3844 2775 6841 4016 3257 3843 4286 4024 4088 1088 6841 2388 157 4017 3674 2520 430 1800 7973 4121 570 873 877 561 3235 2495 3565 450 1633 1482 1633 2973 1503 161 2975 2326 3565 1482 2301 3211 9481 9192 9029 10526 10375 9971 10991 11483 10689 11192 11288 11351 10526 11275 10390 10572 10109 10614 11463 9831 11102 10603 10715 11742 11263 10806 10035 11275 11135 11665 10088 11275 11275 9941 11118 10928 11341 11259 10804 10682 11709 11185 10879 10526 10833 9886 11402 10283 11641 11135 10034 14566 12278 11949 12269 11970 12373 11740 12274 11956 11551 12307 12443 12286 11750 12249 13883 14820 12279 14911 14771 11956 15881 14862 15171 13623 15802 15068 14455 14398 10978 12443 15307 15068 11922 15238 18106 14942 12252 15613 14857 14888 15795 15059 14756 14990 14716 11878 15367 14888 14398 22648 25573 25917 26024 26738 26419 23384 22648 25779 20792 25779 27471 22648 21519 25779 22648 27471 25779 10751 10751 19949 16752 16335 20198 14676 19055 18740 17088 16548 18477 16373 18309 16609 17311 18580 18929 17007 17413 18310 19101 16799 18391 18992 19181 12138 17823 18309 16998 18289 16799 19421 16338 18528 18462 16335 16493 20899 17204 16269 16610 16644 17423 21998 16687 14473 15000 18757 18391 
3882 1884 2062 1884 480 1708 1965 1992 3844 0 1557 3283 702 1081 0 1006 598 3160 2551 3283 1377 3780 480 1031 1302 4219 1908 8094 556 3529 3487 4500 4184 1059 1957 1086 3430 2104 2286 2104 1873 2307 3758 3021 1993 1086 2286 1968 1035 9192 7041 5764 7393 7242 6838 7858 11325 7556 8059 8155 8218 7393 8142 7257 7439 6976 7481 8330 6698 7969 7470 7582 8609 8130 7673 6902 8142 8002 8532 6955 8142 8142 6808 7985 7795 8208 8126 7671 7549 8576 8052 7746 7393 7700 6753 8269 7152 8508 8002 6901 13038 8689 9026 8680 9028 8784 8817 8685 9014 8628 8718 8883 8697 8192 8660 10325 11262 8690 11353 11213 9014 12323 11304 11613 10065 12244 11510 10897 10840 8504 8883 11749 11510 8999 11680 15449 11384 8663 12055 11299 11330 12237 11501 11198 11432 11158 8972 11809 11330 10840 19090 22440 22015 21868 22836 22517 19826 19090 21877 17659 21877 24338 19090 20255 21877 19090 24338 21877 10593 10593 16816 13619 13202 16640 11543 15497 15607 13955 13415 15344 13240 15176 13476 14178 15447 15796 13874 14280 15177 15968 13241 15258 15859 16048 8580 14690 15176 13865 15156 13241 16288 13205 15395 15329 13202 13360 17766 14071 13136 13477 13511 14290 18865 13554 10915 11867 15624 15258 
4093 2138 2845 2138 1268 2051 2306 1865 2775 1557 0 4474 1533 1292 1556 2378 1541 4292 1693 4474 1162 2711 1268 1678 281 3149 1717 8501 1834 2670 2464 3431 3115 1270 2671 1669 2361 1964 1662 1964 2314 1683 2713 3152 2266 1669 1662 2241 1246 9857 8471 7121 8618 8467 8063 9083 12756 8781 9284 9380 9443 8618 9367 8482 8664 8201 8706 9555 7923 9194 8695 8807 9834 9355 8898 8127 9367 9227 9757 8180 9367 9367 8033 9210 9020 9433 9351 8896 8774 9801 9277 8971 8618 8925 7978 9494 8375 9733 9227 8126 14941 9880 10217 9871 10219 9975 10008 9876 10205 9819 9909 10076 9888 9383 9851 11895 12831 9881 12544 12783 10205 13893 12873 13183 11635 13435 13079 12467 12409 9695 10076 13318 13079 10190 13249 17502 12953 9854 13246 12868 12899 13807 12692 12767 13002 12728 10163 13379 12899 12409 22334 23665 24009 24116 24830 24511 23070 22334 23871 18884 23871 25563 22334 22663 23871 22334 25563 23871 12024 12024 18041 14844 14427 18209 12768 17066 16832 15180 14640 16569 14465 16401 14701 15403 16672 17021 15099 15505 16402 17193 14810 16483 17084 17273 10150 15915 16401 15090 16381 14810 17513 14430 16620 16554 14427 14585 18991 15296 14361 14702 14736 15515 20090 14779 12485 13092 16849 16483 
6113 4808 4088 4808 3452 4713 4433 4966 6841 3283 4474 0 3126 3997 3282 3269 3134 2874 5611 0 4337 6751 3452 3088 4219 7215 4985 6917 2793 6577 6412 7471 7155 3975 4427 3415 6427 5029 5211 5029 4186 5232 6755 3812 4962 3415 5211 4937 3951 6361 6101 3441 6148 5997 5593 6613 10385 6311 6814 6910 6973 6148 6897 6012 6194 5731 6236 7085 5453 6724 6225 6337 7364 6885 6428 5657 6897 6757 7287 5710 6897 6897 5563 6740 6148 6963 6881 6426 6304 7331 6807 6501 6148 6455 5508 7024 5907 7263 6757 5656 10946 6646 6983 6637 6985 6741 6774 6642 6971 6585 6675 5796 6654 6149 6617 7480 8417 6647 8851 8368 6971 9478 8459 8768 7220 9656 8665 8052 7995 6412 5796 8904 8665 6956 8835 14509 8539 6620 9468 8454 8485 9392 9036 8353 8587 8313 6929 8964 8485 7995 16245 18771 18647 18246 19468 19149 16981 16245 18509 16414 18509 21202 16245 18249 18509 16245 21202 18509 9653 9653 15571 12374 11957 13795 10298 12652 14362 12710 12170 14099 11995 13931 12231 12933 14202 14551 12629 13035 13932 13504 10396 14013 14614 14803 5735 13445 13931 12620 13911 10396 15043 11960 14150 13052 11957 12115 16521 12826 11891 12232 12266 13045 17620 12309 8070 10622 13161 14013 
4206 1853 2688 1853 686 1678 1901 1972 4016 702 1533 3126 0 1056 701 849 553 3284 3103 3126 1396 3926 686 1130 1278 4391 1888 7881 602 3767 3457 4646 4330 1034 2217 1689 3472 2074 2256 2074 2027 2277 3945 2808 1963 1689 2256 1938 1010 8979 6884 5607 7236 7086 6682 7702 11169 7400 7903 7998 8062 7236 7986 7101 7283 6820 7325 8174 6542 7813 7314 7426 8453 7973 7516 6746 7986 7845 8376 6799 7986 7986 6651 7829 7639 8052 7970 7515 7393 8420 7895 7589 7236 7544 6596 8113 6996 8352 7845 6744 14064 8532 8869 8523 8872 8627 8660 8528 8858 8471 8561 8727 8540 8036 8503 10169 11105 8533 11196 11057 8858 12167 11147 11457 9909 12087 11353 10741 10683 8348 8727 11592 11353 8842 11523 15293 11227 8506 11899 11142 11173 12081 11344 11041 11276 11002 8815 11653 11173 10683 18933 22284 21859 21712 22680 22361 19669 18933 21721 17503 21721 24182 18933 20099 21721 18933 24182 21721 10437 10437 16660 13462 13045 16483 11387 15340 15450 13798 13258 15188 13083 15020 13319 14021 15291 15640 13717 14123 15020 15811 13084 15101 15703 15892 8424 14533 15020 13708 14999 13084 16132 13048 15239 15173 13045 13203 17609 13914 12979 13320 13354 14133 18708 13397 10759 11710 15468 15101 
3245 1247 1482 1247 1057 1071 1159 1365 3257 1081 1292 3997 1056 0 1080 1575 1064 3332 1964 3997 790 3193 1057 1662 1037 3631 1281 7929 1358 2941 2850 3913 3597 142 1324 833 2843 1467 1649 1467 1293 1670 3171 1894 1356 833 1649 1331 94 9027 7668 6318 7815 7664 7260 8280 11953 7978 8481 8577 8640 7815 8564 7679 7861 7398 7903 8752 7120 8391 7892 8004 9031 8552 8095 7324 8564 8424 8954 7377 8564 8564 7230 8407 8217 8630 8548 8093 7971 8998 8474 8168 7815 8122 7175 8691 7574 8930 8424 7323 14112 9403 9766 9394 9769 9498 9557 9399 9755 9368 9432 9599 9411 8907 9374 11040 11976 9404 12067 11928 9755 13038 12018 12328 10780 12958 12224 11612 11554 9245 9599 12463 12224 9739 12394 16077 12098 9377 12770 12013 12044 12952 12215 11912 12147 11873 9695 12524 12044 11554 19804 22862 23206 23313 24027 23708 20540 19804 23068 18081 23068 24760 19804 20979 23068 19804 24760 23068 11221 11221 17238 14041 13624 17354 11965 16211 16029 14377 13837 15766 13662 15598 13898 14600 15869 16218 14296 14702 15599 16390 13955 15680 16281 16470 9295 15112 15598 14287 15578 13955 16710 13627 15817 15751 13624 13782 18188 14493 13558 13899 13933 14712 19287 13976 11630 12289 16046 15680 
3881 1883 2061 1883 479 1707 1964 1991 3843 0 1556 3282 701 1080 0 1005 597 3159 2550 3282 1376 3779 479 1030 1301 4218 1907 8093 555 3528 3486 4499 4183 1058 1956 1085 3429 2103 2285 2103 1872 2306 3757 3020 1992 1085 2285 1967 1034 9191 7040 5763 7392 7241 6837 7857 11324 7555 8058 8154 8217 7392 8141 7256 7438 6975 7480 8329 6697 7968 7469 7581 8608 8129 7672 6901 8141 8001 8531 6954 8141 8141 6807 7984 7794 8207 8125 7670 7548 8575 8051 7745 7392 7699 6752 8268 7151 8507 8001 6900 13037 8688 9025 8679 9027 8783 8816 8684 9013 8627 8717 8882 8696 8191 8659 10324 11261 8689 11352 11212 9013 12322 11303 11612 10064 12243 11509 10896 10839 8503 8882 11748 11509 8998 11679 15448 11383 8662 12054 11298 11329 12236 11500 11197 11431 11157 8971 11808 11329 10839 19089 22439 22014 21867 22835 22516 19825 19089 21876 17658 21876 24337 19089 20254 21876 19089 24337 21876 10592 10592 16815 13618 13201 16639 11542 15496 15606 13954 13414 15343 13239 15175 13475 14177 15446 15795 13873 14279 15176 15967 13240 15257 15858 16047 8579 14689 15175 13864 15155 13240 16287 13204 15394 15328 13201 13359 17765 14070 13135 13476 13510 14289 18864 13553 10914 11866 15623 15257 
4510 2372 2992 2372 1204 2196 2418 2490 4286 1006 2378 3269 849 1575 1005 0 857 3146 3372 3269 1915 4196 1204 1559 2123 4660 2406 8185 906 4037 4295 4916 4600 1553 3006 1788 4251 2592 3157 2592 2250 3178 4215 3112 2481 1788 3157 2456 1529 8440 6532 5182 6679 6528 6124 7144 10817 6842 7345 7441 7504 6679 7428 6543 6725 6262 6767 7616 5984 7255 6756 6868 7895 7416 6959 6188 7428 7288 7818 6241 7428 7428 6094 7271 7081 7494 7412 6957 6835 7862 7338 7032 6679 6986 6039 7555 6436 7794 7288 6187 13025 8675 9012 8666 9015 8770 8803 8671 9001 8614 8704 8575 8683 8179 8646 9963 10900 8676 11036 10851 9001 11961 10937 11251 9698 11927 11148 10535 10478 8491 8575 11387 11148 8985 11318 14941 11017 8649 11739 10932 10963 11870 11184 10831 11070 10796 8958 11447 10963 10478 18728 21726 22070 22177 22891 22572 19464 18728 21932 16945 21932 23624 18728 20732 21932 18728 23624 21932 10085 10085 16102 12905 12488 16278 10829 15135 14893 13241 12701 14630 12526 14462 12762 13464 14733 15082 13160 13566 14463 15254 12879 14544 15145 15334 8218 13976 14462 13151 14442 12879 15574 12491 14681 14615 12488 12646 17052 13357 12422 12763 12797 13576 18151 12840 10553 11153 14910 14544 
4214 1861 2696 1861 694 1686 1908 1980 4024 598 1541 3134 553 1064 597 857 0 3292 3111 3134 1404 3934 694 1138 1286 4399 1896 7889 499 3775 3465 4654 4338 1042 2225 1380 3480 2082 2264 2082 1842 2285 3953 2816 1971 1380 2264 1946 1018 8987 6892 5615 7244 7094 6690 7710 11177 7408 7911 8006 8070 7244 7994 7109 7291 6828 7333 8182 6550 7821 7322 7434 8461 7981 7524 6754 7994 7853 8384 6807 7994 7994 6659 7837 7647 8060 7978 7523 7401 8428 7903 7597 7244 7552 6604 8121 7004 8360 7853 6752 12890 8540 8877 8531 8880 8635 8668 8536 8866 8479 8569 8735 8548 8044 8511 10177 11113 8541 11204 11065 8866 12175 11155 11465 9917 12095 11361 10749 10691 8356 8735 11600 11361 8850 11531 15301 11235 8514 11907 11150 11181 12089 11352 11049 11284 11010 8823 11661 11181 10691 18941 22292 21867 21720 22688 22369 19677 18941 21729 17511 21729 24190 18941 20107 21729 18941 24190 21729 10445 10445 16668 13470 13053 16491 11395 15348 15458 13806 13266 15196 13091 15028 13327 14029 15299 15648 13725 14131 15028 15819 13092 15109 15711 15900 8432 14541 15028 13716 15007 13092 16140 13056 15247 15181 13053 13211 17617 13922 12987 13328 13362 14141 18716 13405 10767 11718 15476 15109 
3007 2281 1556 2281 3285 2313 1901 2492 4088 3160 4292 2874 3284 3332 3159 3146 3292 0 3137 2874 3108 3998 3285 1883 4037 4462 2659 5825 2670 4103 3659 4718 4402 3310 1895 2069 3674 2555 2737 2555 1974 2758 4002 1280 2526 2069 2737 2501 3286 6704 7613 5982 7643 7492 7088 8108 11577 7806 8309 8405 8468 7643 8392 7507 7689 7226 7731 8580 6948 8219 7720 7832 8859 8380 7923 7152 8392 8252 8782 7205 8392 8392 7058 8235 8045 8458 8376 7921 7799 8826 8302 7996 7643 7950 7003 8519 7400 8758 8252 7151 11508 8280 8300 8271 8302 8375 8091 8276 8288 7902 8309 8476 8288 7783 8251 10300 11237 8281 11328 10693 8288 12298 11279 11588 10040 12219 11485 10872 10815 7778 8476 11724 11485 8273 11655 16021 11359 8254 12030 11274 11305 12212 11058 11173 11407 11133 8229 11784 11305 10815 19065 22690 22023 21876 22844 22525 19801 19065 21885 17909 21885 24588 19065 17949 21885 19065 24588 21885 10845 10845 17066 13869 13452 16615 11793 15472 15857 14205 13665 15594 13490 15426 13726 14428 15697 16046 14124 14530 15427 16218 13216 15508 16109 16298 8555 14940 15426 14115 15406 13216 16538 13455 15645 15579 13452 13610 18016 14321 13386 13727 13761 14540 19115 13804 10890 12117 15874 15508 
3169 966 1718 966 2263 1152 1550 693 1088 2551 1693 5611 3103 1964 2550 3372 3111 3137 0 5611 1306 1049 2263 2592 1438 1462 905 7577 2828 1008 777 1769 1453 1942 1544 2335 674 738 400 738 2022 421 1026 2025 1401 2335 400 1376 1918 8424 9466 8115 9612 9462 9058 10078 13750 9776 10279 10374 10438 9612 10362 9477 9659 9196 9701 10550 8918 10189 9690 9802 10829 10349 9899 9122 10362 10228 10752 9175 10362 10362 9027 10205 10015 10428 10346 9897 9769 10796 10278 9972 9612 9920 8972 10489 9372 10728 10228 9120 13228 11048 10719 11039 11019 11143 10510 11044 11005 10321 11077 11213 11056 10520 11019 12653 13590 11049 13681 13541 11005 14651 13632 13941 12393 14572 13838 13225 13168 10027 11213 14077 13838 10692 14008 19138 13712 11022 14383 13627 13658 14565 13829 13526 13760 13486 10648 14137 13658 13168 23329 24660 25004 25111 25825 25506 24065 23329 24866 19879 24866 26558 23329 20569 24866 23329 26558 24866 13018 13018 19036 15838 15421 18968 13763 17825 17826 16174 15634 17564 15459 17396 15695 16397 17667 18016 16093 16499 17396 18187 15569 17477 18079 18268 10908 16909 17396 16084 17375 15569 18508 15424 17615 17549 15421 15579 19985 16290 15355 15696 15730 16509 21084 15773 13243 14086 17844 17477 
6113 4808 4088 4808 3452 4713 4433 4966 6841 3283 4474 0 3126 3997 3282 3269 3134 2874 5611 0 4337 6751 3452 3088 4219 7215 4985 6917 2793 6577 6412 7471 7155 3975 4427 3415 6427 5029 5211 5029 4186 5232 6755 3812 4962 3415 5211 4937 3951 6361 6101 3441 6148 5997 5593 6613 10385 6311 6814 6910 6973 6148 6897 6012 6194 5731 6236 7085 5453 6724 6225 6337 7364 6885 6428 5657 6897 6757 7287 5710 6897 6897 5563 6740 6148 6963 6881 6426 6304 7331 6807 6501 6148 6455 5508 7024 5907 7263 6757 5656 10946 6646 6983 6637 6985 6741 6774 6642 6971 6585 6675 5796 6654 6149 6617 7480 8417 6647 8851 8368 6971 9478 8459 8768 7220 9656 8665 8052 7995 6412 5796 8904 8665 6956 8835 14509 8539 6620 9468 8454 8485 9392 9036 8353 8587 8313 6929 8964 8485 7995 16245 18771 18647 18246 19468 19149 16981 16245 18509 16414 18509 21202 16245 18249 18509 16245 21202 18509 9653 9653 15571 12374 11957 13795 10298 12652 14362 12710 12170 14099 11995 13931 12231 12933 14202 14551 12629 13035 13932 13504 10396 14013 14614 14803 5735 13445 13931 12620 13911 10396 15043 11960 14150 13052 11957 12115 16521 12826 11891 12232 12266 13045 17620 12309 8070 10622 13161 14013 
3149 1214 1688 1214 1089 907 1259 1088 2388 1377 1162 4337 1396 790 1376 1915 1404 3108 1306 4337 0 2324 1089 1958 907 2762 940 7557 1654 2283 2077 3044 2728 768 1515 1075 1974 1187 885 1187 1428 906 2326 1995 1192 1075 885 1167 744 8856 8008 6658 8155 8004 7600 8620 12293 8318 8821 8917 8980 8155 8904 8019 8201 7738 8243 9092 7460 8731 8232 8344 9371 8892 8435 7664 8904 8764 9294 7717 8904 8904 7570 8747 8557 8970 8888 8433 8311 9338 8814 8508 8155 8462 7515 9031 7914 9270 8764 7663 13941 9743 10079 9734 10081 9838 9870 9739 10067 9681 9772 9939 9751 9247 9714 11380 12316 9744 12407 12268 10067 13378 12358 12668 11120 13298 12564 11952 11894 9557 9939 12803 12564 10052 12734 16417 12438 9717 13110 12353 12384 13292 12555 12252 12487 12213 10008 12864 12384 11894 20144 23202 23546 23653 24367 24048 20880 20144 23408 18421 23408 25100 20144 21291 23408 20144 25100 23408 11561 11561 17578 14381 13964 17694 12305 16551 16369 14717 14177 16106 14002 15938 14238 14940 16209 16558 14636 15042 15939 16730 14295 16020 16621 16810 9635 15452 15938 14627 15918 14295 17050 13967 16157 16091 13964 14122 18528 14833 13898 14239 14273 15052 19627 14316 11970 12629 16386 16020 
3470 1935 2578 1935 3927 1987 2411 1498 157 3780 2711 6751 3926 3193 3779 4196 3934 3998 1049 6751 2324 0 3927 3610 2456 531 1710 7878 4057 480 783 762 446 3171 2405 3475 360 1543 1431 1543 2883 1452 71 2885 2236 3475 1431 2211 3147 9391 9102 8939 10436 10285 9881 10901 11393 10599 11102 11198 11261 10436 11185 10300 10482 10019 10524 11373 9741 11012 10513 10625 11652 11173 10716 9945 11185 11045 11575 9998 11185 11185 9851 11028 10838 11251 11169 10714 10592 11619 11095 10789 10436 10743 9796 11312 10193 11551 11045 9944 14476 12188 11859 12179 11880 12283 11650 12184 11866 11461 12217 12353 12196 11660 12159 13793 14730 12189 14821 14681 11866 15791 14772 15081 13533 15712 14978 14365 14308 10888 12353 15217 14978 11832 15148 18207 14852 12162 15523 14767 14798 15705 14969 14666 14900 14626 11788 15277 14798 14308 22558 25483 25827 25934 26648 26329 23294 22558 25689 20702 25689 27381 22558 21429 25689 22558 27381 25689 10661 10661 19859 16662 16245 20108 14586 18965 18650 16998 16458 18387 16283 18219 16519 17221 18490 18839 16917 17323 18220 19011 16709 18301 18902 19091 12048 17733 18219 16908 18199 16709 19331 16248 18438 18372 16245 16403 20809 17114 16179 16520 16554 17333 21908 16597 14383 14910 18667 18301 
4207 1595 2689 1595 0 1420 1901 1704 4017 480 1268 3452 686 1057 479 1204 694 3285 2263 3452 1089 3927 0 1261 1013 4392 1620 7882 816 3240 3199 4647 4331 1035 1669 1124 3142 1816 1998 1816 1586 2019 3470 2809 1705 1124 1998 1680 1011 8980 7298 5947 7444 7294 6890 7910 11582 7608 8111 8206 8270 7444 8194 7309 7491 7028 7533 8382 6750 8021 7522 7634 8661 8181 7724 6954 8194 8053 8584 7007 8194 8194 6859 8037 7847 8260 8178 7723 7601 8628 8103 7797 7444 7752 6804 8321 7204 8560 8053 6952 14065 8858 9195 8849 9197 8953 8986 8854 9183 8797 8887 9052 8866 8361 8829 10494 11431 8859 11522 11382 9183 12492 11473 11782 10234 12413 11679 11066 11009 8673 9052 11918 11679 9168 11849 15706 11553 8832 12224 11468 11499 12406 11670 11367 11601 11327 9141 11978 11499 11009 19259 22492 22836 22943 23657 23338 19995 19259 22698 17711 22698 24390 19259 20424 22698 19259 24390 22698 10850 10850 16868 13670 13253 16809 11595 15666 15658 14006 13466 15396 13291 15228 13527 14229 15499 15848 13925 14331 15228 16019 13410 15309 15911 16100 8749 14741 15228 13916 15207 13410 16340 13256 15447 15381 13253 13411 17817 14122 13187 13528 13562 14341 18916 13605 11084 11918 15676 15309 
4218 2464 1811 2464 1261 2289 2720 2573 3674 1031 1678 3088 1130 1662 1030 1559 1138 1883 2592 3088 1958 3610 1261 0 1423 4049 2489 7892 680 3570 4068 4330 4014 1640 2714 669 3260 2685 2867 2685 1156 2888 3612 1919 2574 669 2867 2549 1616 7809 6878 5601 7230 7080 6676 7696 11163 7394 7897 7992 8056 7230 7980 7095 7277 6814 7319 8168 6536 7807 7308 7420 8447 7967 7510 6740 7980 7839 8370 6793 7980 7980 6645 7823 7633 8046 7964 7509 7387 8414 7889 7583 7230 7538 6590 8107 6988 8346 7839 6738 12613 8494 8831 8485 8833 8589 8622 8490 8819 8433 8523 8690 8502 7997 8465 10130 11067 8495 11158 11018 8819 12128 11109 11418 9870 12049 11315 10702 10645 8309 8690 11554 11315 8804 11485 15287 11189 8468 11860 11104 11135 12042 11306 11003 11237 10963 8777 11614 11135 10645 18895 22278 21853 21706 22674 22355 19631 18895 21715 17497 21715 24176 18895 20060 21715 18895 24176 21715 10431 10431 16654 13456 13039 16445 11381 15302 15444 13792 13252 15182 13077 15014 13313 14015 15285 15634 13711 14117 15014 15805 13046 15095 15697 15886 8385 14527 15014 13702 14993 13046 16126 13042 15233 15167 13039 13197 17603 13908 12973 13314 13348 14127 18702 13391 10720 11704 15462 15095 
3838 1883 2590 1883 1013 1796 2052 1610 2520 1302 281 4219 1278 1037 1301 2123 1286 4037 1438 4219 907 2456 1013 1423 0 2894 1462 8246 1579 2415 2209 3176 2860 1015 2416 1414 2106 1709 1407 1709 2060 1428 2458 2897 2011 1414 1407 1986 991 9602 8216 6866 8363 8212 7808 8828 12501 8526 9029 9125 9188 8363 9112 8227 8409 7946 8451 9300 7668 8939 8440 8552 9579 9100 8643 7872 9112 8972 9502 7925 9112 9112 7778 8955 8765 9178 9096 8641 8519 9546 9022 8716 8363 8670 7723 9239 8120 9478 8972 7871 14686 9625 9962 9616 9964 9720 9753 9621 9950 9564 9654 9821 9633 9128 9596 11640 12576 9626 12289 12528 9950 13638 12618 12928 11380 13180 12824 12212 12154 9440 9821 13063 12824 9935 12994 17501 12698 9599 12991 12613 12644 13552 12437 12512 12747 12473 9908 13124 12644 12154 22079 23410 23754 23861 24575 24256 22815 22079 23616 18629 23616 25308 22079 22408 23616 22079 25308 23616 11769 11769 17786 14589 14172 17954 12513 16811 16577 14925 14385 16314 14210 16146 14446 15148 16417 16766 14844 15250 16147 16938 14555 16228 16829 17018 9895 15660 16146 14835 16126 14555 17258 14175 16365 16299 14172 14330 18736 15041 14106 14447 14481 15260 19835 14524 12230 12837 16594 16228 
3940 2400 3043 2400 4392 2452 2875 1962 430 4219 3149 7215 4391 3631 4218 4660 4399 4462 1462 7215 2762 531 4392 4049 2894 0 2174 8348 4496 944 1247 1196 880 3609 2869 3939 824 2007 1856 2007 3347 1877 535 3350 2701 3939 1856 2676 3585 9856 9566 9403 10900 10750 10346 11366 11857 11064 11567 11662 11726 10900 11650 10765 10947 10484 10989 11838 10206 11477 10978 11090 12117 11637 11180 10410 11650 11509 12040 10463 11650 11650 10315 11493 11303 11716 11634 11179 11057 12084 11559 11253 10900 11208 10260 11777 10658 12016 11509 10408 14940 12652 12323 12643 12344 12747 12114 12648 12330 11925 12681 12817 12660 12125 12623 14258 15194 12653 15285 15146 12330 16256 15236 15546 13998 16176 15442 14830 14772 11352 12817 15681 15442 12296 15612 17717 15316 12626 15988 15231 15262 16170 15433 15130 15365 15091 12252 15742 15262 14772 23022 25948 26292 26399 27113 26794 23758 23022 26154 21167 26154 27846 23022 21894 26154 23022 27846 26154 11125 11125 20324 17126 16709 20572 15051 19429 19114 17462 16922 18852 16747 18684 16983 17685 18955 19304 17381 17787 18684 19475 17173 18765 19367 19556 12513 18197 18684 17372 18663 17173 19796 16712 18903 18837 16709 16867 21273 17578 16643 16984 17018 17797 22372 17061 14848 15374 19132 18765 
2723 533 1240 533 1620 446 1072 260 1800 1908 1717 4985 1888 1281 1907 2406 1896 2659 905 4985 940 1710 1620 2489 1462 2174 0 7131 2185 1840 1371 2430 2114 1259 1066 1567 1386 323 505 323 1544 526 1714 1547 731 1567 505 706 1235 7946 8500 7150 8647 8496 8092 9112 12785 8810 9313 9409 9472 8647 9396 8511 8693 8230 8735 9584 7952 9223 8724 8836 9863 9384 8927 8156 9396 9256 9786 8209 9396 9396 8062 9239 9049 9462 9380 8925 8803 9830 9306 9000 8647 8954 8007 9523 8404 9762 9256 8154 12750 10422 10093 10413 10095 10517 9884 10418 10081 9695 10451 10587 10430 9894 10393 12027 12964 10423 13055 12915 10081 14025 13006 13315 11767 13946 13212 12599 12542 9571 10587 13451 13212 10066 13382 18047 13086 10396 13757 13001 13032 13939 13203 12900 13134 12860 10022 13511 13032 12542 20792 23694 24038 24145 24859 24540 21528 20792 23900 18913 23900 25592 20792 20091 23900 20792 25592 23900 12053 12053 18070 14873 14456 18342 12797 17199 16861 15209 14669 16598 14494 16430 14730 15432 16701 17050 15128 15534 16431 17222 14943 16512 17113 17302 10282 15944 16430 15119 16410 14943 17542 14459 16649 16583 14456 14614 19020 15325 14390 14731 14765 15544 20119 14808 12617 13121 16878 16512 
4912 6721 5981 6721 7882 7149 6625 6932 7973 8094 8501 6917 7881 7929 8093 8185 7889 5825 7577 6917 7557 7878 7882 7892 8246 8348 7131 0 7938 8296 7418 7449 7619 7907 6643 7202 7433 6995 7177 6995 6722 7198 7887 5706 7398 7202 7177 7373 7883 4351 12804 10267 12851 12700 12296 13316 17111 13014 13517 13613 13676 12851 13600 12715 12897 12434 12939 13788 12156 13427 12928 13040 14067 13588 13131 12360 13600 13460 13990 12413 13600 13600 12266 13443 12851 13666 13584 13129 13007 14034 13510 13204 12851 13158 12211 13727 12608 13966 13460 12359 8083 9233 8585 9224 8466 9328 8490 9229 8452 8468 9262 10284 9241 9117 9204 13053 13766 9234 12752 12549 8452 13890 13523 13955 13501 13209 13377 13159 13235 7474 10284 14090 13377 8558 12983 21212 13320 9207 13506 13518 13549 13574 12866 13111 13209 13562 8531 14151 13549 13235 20689 23355 23231 22830 24052 23733 21565 20689 23093 23117 23093 25786 20689 17599 23093 20689 25786 23093 16356 16356 20365 19077 18660 19623 17001 17236 21065 19413 18873 20802 18698 20634 18934 19636 20905 21254 19332 19738 20635 20207 16111 20716 19721 19915 12552 20148 20634 19323 20614 16111 21746 18663 20853 19755 18660 18818 23224 19529 18594 18935 18969 19748 24323 19012 13140 17325 19864 20716 
4263 2161 2745 2161 816 1985 1981 2269 4121 556 1834 2793 602 1358 555 906 499 2670 2828 2793 1654 4057 816 680 1579 4496 2185 7938 0 3806 3764 4777 4461 1336 1975 848 3707 2381 2563 2381 1327 2584 4035 2779 2270 848 2563 2245 1312 7964 6584 5307 6936 6785 6381 7401 10868 7099 7602 7698 7761 6936 7685 6800 6982 6519 7024 7873 6241 7512 7013 7125 8152 7673 7216 6445 7685 7545 8075 6498 7685 7685 6351 7528 7338 7751 7669 7214 7092 8119 7595 7289 6936 7243 6296 7812 6693 8051 7545 6444 12549 8199 8536 8190 8539 8294 8327 8195 8525 8138 8228 8395 8207 7703 8170 9836 10772 8200 10863 10724 8525 11834 10814 11124 9576 11754 11020 10408 10350 8015 8395 11259 11020 8509 11190 14992 10894 8173 11566 10809 10840 11748 11011 10708 10943 10669 8482 11320 10840 10350 18600 21983 21558 21411 22379 22060 19336 18600 21420 17202 21420 23881 18600 19766 21420 18600 23881 21420 10136 10136 16359 13162 12745 16150 11086 15007 15150 13498 12958 14887 12783 14719 13019 13721 14990 15339 13417 13823 14720 15511 12751 14801 15402 15591 8091 14233 14719 13408 14699 12751 15831 12748 14938 14872 12745 12903 17309 13614 12679 13020 13054 13833 18408 13097 10426 11410 15167 14801 
3888 1981 2684 1981 3240 2118 2516 1628 570 3529 2670 6577 3767 2941 3528 4037 3775 4103 1008 6577 2283 480 3240 3570 2415 944 1840 8296 3806 0 1194 1200 884 2919 2510 3301 771 1673 1390 1673 2988 1411 484 2991 2367 3301 1390 2342 2895 9497 7522 8780 10277 10126 9722 10742 11406 10440 10943 11039 11102 10277 11026 10141 10323 9860 10365 11214 9582 10853 10354 10466 11493 11014 10557 9786 11026 10886 11416 9839 11026 11026 9692 10869 10679 11092 11010 10555 10433 11460 10936 10630 10277 10584 9637 11153 10034 11392 10886 9785 14581 12014 11685 12005 11985 12109 11476 12010 11971 11287 12043 12179 12022 11486 11985 13619 14556 12015 14647 14507 11971 15617 14598 14907 13359 15538 14804 14191 14134 10993 12179 15043 14804 11658 14974 18620 14678 11988 15349 14593 14624 15531 14795 14492 14726 14452 11614 15103 14624 14134 22384 25324 25668 25775 26489 26170 23120 22384 25530 20543 25530 27222 22384 21535 25530 22384 27222 25530 10674 10674 19700 16503 16086 19934 14427 18791 18491 16839 16299 18228 16124 18060 16360 17062 18331 18680 16758 17164 18061 18852 16535 18142 18743 18932 11874 17574 18060 16749 18040 16535 19172 16089 18279 18213 16086 16244 20650 16955 16020 16361 16395 17174 21749 16438 14209 14751 18508 18142 
3010 1596 2239 1596 3199 1648 2072 1159 873 3487 2464 6412 3457 2850 3486 4295 3465 3659 777 6412 2077 783 3199 4068 2209 1247 1371 7418 3764 1194 0 1503 1187 2828 2066 3136 459 1204 983 1204 2544 1004 787 2546 1897 3136 983 1872 2804 9052 10389 9038 10535 10385 9981 11001 14673 10699 11202 11297 11361 10535 11285 10400 10582 10119 10624 11473 9841 11112 10613 10725 11752 11272 10815 10045 11285 11144 11675 10098 11285 11285 9950 11128 10938 11351 11269 10814 10692 11719 11194 10888 10535 10843 9895 11412 10293 11651 11144 10043 14137 11849 11520 11840 11540 11944 11311 11845 11526 11122 11878 12014 11857 11321 11820 13454 14391 11850 14482 14342 11526 15452 14433 14742 13194 15373 14639 14026 13969 10548 12014 14878 14639 11493 14809 18923 14513 11823 15184 14428 14459 15366 14630 14327 14561 14287 11449 14938 14459 13969 22219 25583 25927 26034 26748 26429 22955 22219 25789 20802 25789 27481 22219 21090 25789 22219 27481 25789 13941 13941 19959 16761 16344 19769 14686 18626 18749 17097 16557 18487 16382 18319 16618 17320 18590 18939 17016 17422 18319 19110 16370 18400 19002 19191 11709 17832 18319 17007 18298 16370 19431 16347 18538 18472 16344 16502 20908 17213 16278 16619 16653 17432 22007 16696 14044 15009 18767 18400 
3041 2655 3298 2655 4647 2707 3131 2218 877 4500 3431 7471 4646 3913 4499 4916 4654 4718 1769 7471 3044 762 4647 4330 3176 1196 2430 7449 4777 1200 1503 0 390 3891 3125 4195 1080 2263 2151 2263 3603 2172 791 3605 2956 4195 2151 2931 3867 9334 9822 9659 11156 11005 10601 11621 12113 11319 11822 11918 11981 11156 11905 11020 11202 10739 11244 12093 10461 11732 11233 11345 12372 11893 11436 10665 11905 11765 12295 10718 11905 11905 10571 11748 11558 11971 11889 11434 11312 12339 11815 11509 11156 11463 10516 12032 10913 12271 11765 10664 14419 12984 12655 12975 12417 13079 12446 12980 12403 12257 13013 13073 12992 12380 12955 14513 15450 12985 15541 15401 12403 16511 15492 15801 14253 16432 15698 15085 15028 11425 13073 15937 15698 12628 15868 18871 15572 12958 16243 15487 15518 16425 15689 15386 15620 15346 12601 15997 15518 15028 23278 26203 26547 26654 27368 27049 24014 23278 26409 21422 26409 28101 23278 22171 26409 23278 28101 26409 11381 11381 20579 17382 16965 20828 15306 19685 19370 17718 17178 19107 17003 18939 17239 17941 19210 19559 17637 18043 18940 19731 17429 19021 19622 19811 12768 18453 18939 17628 18919 17429 20051 16968 19158 19092 16965 17123 21529 17834 16899 17240 17274 18053 22628 17317 15103 15630 19387 19021 
3211 2339 2982 2339 4331 2391 2815 1902 561 4184 3115 7155 4330 3597 4183 4600 4338 4402 1453 7155 2728 446 4331 4014 2860 880 2114 7619 4461 884 1187 390 0 3575 2809 3879 764 1947 1835 1947 3287 1856 475 3289 2640 3879 1835 2615 3551 9504 9506 9343 10840 10689 10285 11305 11797 11003 11506 11602 11665 10840 11589 10704 10886 10423 10928 11777 10145 11416 10917 11029 12056 11577 11126 10349 11589 11455 11979 10402 11589 11589 10255 11432 11242 11655 11573 11125 10996 12023 11505 11199 10840 11147 10200 11716 10597 11955 11455 10348 14589 12592 12263 12583 12268 12687 12054 12588 12254 11865 12621 12757 12600 12064 12563 14197 15134 12593 15225 15085 12254 16195 15176 15485 13937 16116 15382 14769 14712 11276 12757 15621 15382 12236 15552 18555 15256 12566 15927 15171 15202 16109 15373 15070 15304 15030 12192 15681 15202 14712 22962 25887 26231 26338 27052 26733 23698 22962 26093 21106 26093 27785 22962 22341 26093 22962 27785 26093 11065 11065 20263 17066 16649 20512 14990 19369 19054 17402 16862 18791 16687 18623 16923 17625 18894 19243 17321 17727 18624 19415 17113 18705 19306 19495 12452 18137 18623 17312 18603 17113 19735 16652 18842 18776 16649 16807 21213 17518 16583 16924 16958 17737 22312 17001 14787 15314 19071 18705 
