NAME : problem
COMMENT : ORTEC
TYPE : CVRP
DIMENSION : 12
VEHICLES : 4
EDGE_WEIGHT_TYPE : EXPLICIT
EDGE_WEIGHT_FORMAT : FULL_MATRIX
CAPACITY : 5
EDGE_WEIGHT_SECTION
0	1237	6450	1274	1214	1325	4709	4815	5087	4936	6695	9455
1237	0	5214	1779	2450	1749	4851	4855	5199	5142	6805	9529
6450	5214	0	6525	7665	6552	8093	7840	8267	8458	9482	11646
1274	1779	6525	0	1805	2598	5984	6086	6362	6210	7970	10730
1214	2450	7665	1805	0	1810	4816	5015	5201	4965	6741	9472
1325	1749	6552	2598	1810	0	3386	3491	3763	3622	5373	8132
4709	4851	8093	5984	4816	3386	0	404	385	365	1987	4746
4815	4855	7840	6086	5015	3491	404	0	427	698	1953	4680
5087	5199	8267	6362	5201	3763	385	427	0	402	1615	4370
4936	5142	8458	6210	4965	3622	365	698	402	0	1779	4531
6695	6805	9482	7970	6741	5373	1987	1953	1615	1779	0	2759
9455	9529	11646	10730	9472	8132	4746	4680	4370	4531	2759	0
NODE_COORD_SECTION
1	782836	1433118
2	782744	1434352
3	782633	1439569
4	784108	1433208
5	782860	1431902
6	781510	1433110
7	778132	1432837
8	778018	1433225
9	777750	1432891
10	777931	1432531
11	776154	1432637
12	773398	1432462
DEMAND_SECTION
1	0
2	1
3	1
4	1
5	1
6	1
7	1
8	1
9	1
10	1
11	1
12	1
DEPOT_SECTION
1
-1
SERVICE_TIME_SECTION
1	0
2	0
3	0
4	0
5	0
6	0
7	0
8	0
9	0
10	0
11	0
12	0
TIME_WINDOW_SECTION
1	0	45000
2	0	45000
3	0	45000
4	0	45000
5	0	45000
6	0	45000
7	0	45000
8	0	45000
9	0	45000
10	0	45000
11	0	45000
12	0	45000
EOF
