NAME : problem
COMMENT : ORTEC
TYPE : CVRP
DIMENSION : 211
VEHICLES : 4
EDGE_WEIGHT_TYPE : EXPLICIT
EDGE_WEIGHT_FORMAT : FULL_MATRIX
CAPACITY : 100
EDGE_WEIGHT_SECTION
0	7362	8268	7362	7436	7808	8558	7436	15172	5864	9112	7616	4883	5962	7984	14426	10389	7436	9112	7436	10692	1565	10772	10692	9265	6015	7436	4609	6277	7436	10643	4883	8280	8002	8002	8002	8002	8002	14104	15888	7436	7616	8002	8002	8373	7616	11341	5477	5773	4952	5154	4298	5805	6143	5830	5416	5235	4952	5805	5773	5773	4883	5154	5805	5805	5154	7824	5773	5773	6389	5773	5705	8354	11770	5805	5826	8354	5154	5773	5416	5235	5416	5805	4952	5773	8354	5416	4952	5805	5805	5773	5773	5773	11770	5705	7436	4765	4765	4765	4765	4765	4702	4765	4765	4765	4765	4614	4765	4765	12665	0	4382	7199	670	4765	11133	0	0	748	4382	2080	7984	6753	1975	4614	15091	2080	4765	1894	5196	5773	4765	5477	0	5773	1716	0	3972	5897	15091	4765	5001	0	6753	8875	12114	1378	1378	12122	12122	5744	8875	5183	4839	5183	1467	8875	11407	5183	8875	1467	5183	16944	16944	6077	4686	5862	5862	6366	6178	4883	12723	8093	6110	6146	20533	10898	5574	7649	7441	7441	11835	5966	6015	6929	5862	6196	5148	18267	6282	9743	5479	6015	5479	5765	5862	6269	5862	5862	5773	18267	5527	10272	7436	9156	8946	9743	1405	6099	6269	11320
7362	0	944	0	946	1279	1196	946	14155	9625	1847	816	7650	2061	1270	13791	3506	946	1847	946	3628	8135	9421	3628	2063	10685	946	3185	13085	946	3377	7650	1630	830	830	830	830	830	19480	14488	946	816	830	830	1020	816	11345	2276	5385	2925	4690	6343	5119	12465	6148	4584	4207	2925	5119	5385	5385	7650	4690	5119	5119	4690	14216	5385	5385	6387	5385	10081	1796	10807	5119	11755	1796	4690	5385	4584	4207	4584	5119	2925	5385	1796	4584	2925	5119	5119	5385	5385	5385	10807	10081	946	6483	6483	6483	6483	6483	6489	6483	6483	6483	6483	6484	6483	6483	16161	7362	6514	1474	6953	6483	5259	7362	7362	6647	6514	7926	1270	1711	8131	6484	11492	7926	6483	8029	2355	5385	6483	2276	7362	5385	8288	7362	4410	4654	11492	6483	2370	7362	1711	16091	6396	8552	8552	8414	8414	2865	16091	8855	2592	8855	8672	16091	16764	8855	16091	8672	8855	14371	14371	10750	11960	13047	13047	13514	10287	7650	5361	9665	12291	12067	19543	6732	9487	15011	12569	12569	10617	12188	10700	14220	13047	12657	8510	18092	12570	9761	9438	10700	9438	9393	13047	10304	13047	13047	5385	18092	9495	11183	946	14031	1613	9761	6034	10198	10304	17494
8268	944	0	944	1516	1612	391	1516	14011	10517	1248	1272	8541	2951	1478	13706	3048	1516	1248	1516	3047	8983	9366	3047	1516	11599	1516	4126	13891	1516	2647	8541	1709	880	880	880	880	880	20070	14285	1516	1272	880	880	177	1272	11410	3208	6194	3859	5551	7247	5923	13409	6961	5424	5069	3859	5923	6194	6194	8541	5551	5923	5923	5551	15159	6194	6194	7161	6194	10990	1307	10756	5923	12483	1307	5551	6194	5424	5069	5424	5923	3859	6194	1307	5424	3859	5923	5923	6194	6194	6194	10756	10990	1516	7042	7042	7042	7042	7042	7055	7042	7042	7042	7042	7061	7042	7042	16557	8268	7116	2107	7838	7042	4571	8268	8268	7562	7116	8738	1478	2468	8955	7061	11027	8738	7042	8855	3164	6194	7042	3208	8268	6194	9133	8268	5343	5449	11027	7042	3267	8268	2468	17025	5697	9477	9477	8020	8020	3397	17025	9756	3454	9756	9596	17025	17672	9756	17025	9596	9756	14004	14004	11663	12836	13981	13981	14450	11184	8541	4463	9995	13233	13006	19328	6335	10387	15912	13485	13485	10536	13130	11614	15146	13981	13601	9405	18001	13513	9887	10340	11614	10340	10283	13981	11198	13981	13981	6194	18001	10397	11372	1516	14615	678	9887	6923	11096	11198	18429
7362	0	944	0	946	1279	1196	946	14155	9625	1847	816	7650	2061	1270	13791	3506	946	1847	946	3628	8135	9421	3628	2063	10685	946	3185	13085	946	3377	7650	1630	830	830	830	830	830	19480	14488	946	816	830	830	1020	816	11345	2276	5385	2925	4690	6343	5119	12465	6148	4584	4207	2925	5119	5385	5385	7650	4690	5119	5119	4690	14216	5385	5385	6387	5385	10081	1796	10807	5119	11755	1796	4690	5385	4584	4207	4584	5119	2925	5385	1796	4584	2925	5119	5119	5385	5385	5385	10807	10081	946	6483	6483	6483	6483	6483	6489	6483	6483	6483	6483	6484	6483	6483	16161	7362	6514	1474	6953	6483	5259	7362	7362	6647	6514	7926	1270	1711	8131	6484	11492	7926	6483	8029	2355	5385	6483	2276	7362	5385	8288	7362	4410	4654	11492	6483	2370	7362	1711	16091	6396	8552	8552	8414	8414	2865	16091	8855	2592	8855	8672	16091	16764	8855	16091	8672	8855	14371	14371	10750	11960	13047	13047	13514	10287	7650	5361	9665	12291	12067	19543	6732	9487	15011	12569	12569	10617	12188	10700	14220	13047	12657	8510	18092	12570	9761	9438	10700	9438	9393	13047	10304	13047	13047	5385	18092	9495	11183	946	14031	1613	9761	6034	10198	10304	17494
7436	946	1516	946	0	439	1529	0	15098	9091	1738	255	7119	1620	563	14726	3026	0	1738	0	3270	8366	10354	3270	1847	10215	0	2956	13376	0	3224	7119	914	724	724	724	724	724	20050	15435	0	255	724	724	1476	255	12249	2014	4697	2640	4100	5855	4425	12178	5465	3953	3624	2640	4425	4697	4697	7119	4100	4425	4425	4100	13914	4697	4697	5649	4697	9598	2666	11738	4425	12179	2666	4100	4697	3953	3624	3953	4425	2640	4697	2666	3953	2640	4425	4425	4697	4697	4697	11738	9598	0	7134	7134	7134	7134	7134	7133	7134	7134	7134	7134	7120	7134	7134	16900	7436	7124	591	7099	7134	6069	7436	7436	6698	7124	8236	563	982	8416	7120	12409	8236	7134	8310	2823	4697	7134	2014	7436	4697	8527	7436	4082	3947	12409	7134	2629	7436	982	15993	7199	8535	8535	9345	9345	3612	15993	8348	2932	8348	8658	15993	16267	8348	15993	8658	8348	15309	15309	10278	12102	12957	12957	13405	9766	7119	5446	10460	11983	11723	20489	7661	8976	15064	12105	12105	11553	11889	10231	14173	12957	12391	7988	19027	12275	10648	8934	10231	8934	8855	12957	9774	12957	12957	4697	19027	8990	12042	0	14618	2023	10648	6186	9679	9774	17117
7808	1279	1612	1279	439	0	1515	439	15421	9228	1494	463	7265	1907	207	15065	2612	439	1494	439	2884	8769	10697	2884	1549	10382	439	3275	13786	439	2902	7265	485	732	732	732	732	732	20489	15740	439	463	732	732	1525	463	12623	2347	4762	2946	4236	6031	4489	12424	5527	4066	3772	2946	4489	4762	4762	7265	4236	4489	4489	4236	14152	4762	4762	5669	4762	9760	2862	12085	4489	12608	2862	4236	4762	4066	3772	4066	4489	2946	4762	2862	4066	2946	4489	4489	4762	4762	4762	12085	9760	439	7572	7572	7572	7572	7572	7572	7572	7572	7572	7572	7558	7572	7572	17331	7808	7563	689	7488	7572	6179	7808	7808	7066	7563	8652	207	1167	8828	7558	12617	8652	7572	8722	3262	4762	7572	2347	7808	4762	8931	7808	4346	4008	12617	7572	3055	7808	1167	16304	7299	8880	8880	9581	9581	4037	16304	8502	3364	8502	9005	16304	16413	8502	16304	9005	8502	15557	15557	10444	12482	13273	13273	13715	9908	7265	5183	10880	12221	11946	20793	7894	9126	15421	12271	12271	11891	12130	10399	14502	13273	12646	8135	19367	12518	11033	9088	10399	9088	8990	13273	9912	13273	13273	4762	19367	9143	12442	439	15057	1992	11033	6578	9823	9912	17319
8558	1196	391	1196	1529	1515	0	1529	14321	10612	861	1274	8638	3076	1346	14030	2663	1529	861	1529	2655	9311	9701	2655	1132	11720	1529	4317	14237	1529	2268	8638	1502	813	813	813	813	813	20457	14579	1529	1274	813	813	220	1274	11766	3382	6223	4032	5625	7361	5951	13599	6991	5482	5148	4032	5951	6223	6223	8638	5625	5951	5951	5625	15345	6223	6223	7161	6223	11106	1604	11090	5951	12850	1604	5625	6223	5482	5148	5482	5951	4032	6223	1604	5482	4032	5951	5951	6223	6223	6223	11090	11106	1529	7430	7430	7430	7430	7430	7443	7430	7430	7430	7430	7447	7430	7430	16947	8558	7501	2101	8144	7430	4694	8558	8558	7844	7501	9081	1346	2511	9293	7447	11235	9081	7430	9192	3501	6223	7430	3382	8558	6223	9463	8558	5511	5472	11235	7430	3562	8558	2511	17278	5804	9746	9746	8262	8262	3783	17278	9862	3770	9862	9866	17278	17782	9862	17278	9866	9862	14247	14247	11784	13149	14235	14235	14699	11285	8638	4165	10383	13416	13176	19616	6581	10492	16206	13609	13609	10864	13317	11736	15413	14235	13799	9506	18321	13701	10253	10448	11736	10448	10377	14235	11295	14235	14235	6223	18321	10505	11746	1529	15003	493	10253	7227	11198	11295	18588
7436	946	1516	946	0	439	1529	0	15098	9091	1738	255	7119	1620	563	14726	3026	0	1738	0	3270	8366	10354	3270	1847	10215	0	2956	13376	0	3224	7119	914	724	724	724	724	724	20050	15435	0	255	724	724	1476	255	12249	2014	4697	2640	4100	5855	4425	12178	5465	3953	3624	2640	4425	4697	4697	7119	4100	4425	4425	4100	13914	4697	4697	5649	4697	9598	2666	11738	4425	12179	2666	4100	4697	3953	3624	3953	4425	2640	4697	2666	3953	2640	4425	4425	4697	4697	4697	11738	9598	0	7134	7134	7134	7134	7134	7133	7134	7134	7134	7134	7120	7134	7134	16900	7436	7124	591	7099	7134	6069	7436	7436	6698	7124	8236	563	982	8416	7120	12409	8236	7134	8310	2823	4697	7134	2014	7436	4697	8527	7436	4082	3947	12409	7134	2629	7436	982	15993	7199	8535	8535	9345	9345	3612	15993	8348	2932	8348	8658	15993	16267	8348	15993	8658	8348	15309	15309	10278	12102	12957	12957	13405	9766	7119	5446	10460	11983	11723	20489	7661	8976	15064	12105	12105	11553	11889	10231	14173	12957	12391	7988	19027	12275	10648	8934	10231	8934	8855	12957	9774	12957	12957	4697	19027	8990	12042	0	14618	2023	10648	6186	9679	9774	17117
15172	14155	14011	14155	15098	15421	14321	15098	0	20796	15097	14964	19263	15412	15366	944	16757	15098	15097	15098	16516	14140	4819	16516	15359	21160	15098	15367	15296	15098	15798	19263	15675	14786	14786	14786	14786	14786	14572	953	15098	14964	14786	14786	14169	14964	3900	15158	18327	15435	17405	18092	18140	20982	18917	17482	17041	15435	18140	18327	18327	19263	17405	18140	18140	17405	22440	18327	18327	19386	18327	20789	12717	3521	18140	13035	12717	17405	18327	17482	17041	17482	18140	15435	18327	12717	17482	15435	18140	18140	18327	18327	18327	3521	20789	15098	10470	10470	10470	10470	10470	10528	10470	10470	10470	10470	10613	10470	10470	9050	15172	10831	15559	14534	10470	10648	15172	15172	15118	10831	13414	15366	15605	13672	10613	5339	13414	10470	13684	13296	18327	10470	15158	15172	18327	14113	15172	16219	17820	5339	10470	13900	15172	15605	21751	10126	16321	16321	6578	6578	12009	21751	20017	13605	20017	16345	21751	26412	20017	21751	16345	20017	3454	3454	21224	16483	19525	19525	20027	21228	19263	15634	7305	21035	21184	5500	8021	20528	19272	22601	22601	3602	20882	21162	19861	19525	20928	19854	4065	21129	5429	20440	21162	20440	20643	19525	21306	19525	19525	18327	4065	20494	5265	15098	11315	14099	5429	14322	21142	21306	25838
5864	9625	10517	9625	9091	9228	10612	9091	20796	0	10713	9345	1976	7568	9434	20104	11110	9091	10713	9091	11585	7293	16179	11585	10717	1342	9091	6585	10527	9091	11925	1976	9526	9816	9816	9816	9816	9816	18967	21446	9091	9345	9816	9816	10525	9345	17051	7383	4567	6764	4994	3291	4829	4297	3868	5164	5467	6764	4829	4567	4567	1976	4994	4829	4829	4994	5656	4567	4567	4008	4567	774	11283	17313	4829	11041	11283	4994	4567	5164	5467	5164	4829	6764	4567	11283	5164	6764	4829	4829	4567	4567	4567	17313	774	9091	10336	10336	10336	10336	10336	10281	10336	10336	10336	10336	10198	10336	10336	18351	5864	9990	8555	6413	10336	14686	5864	5864	5732	9990	7918	9434	8110	7761	10198	19957	7918	10336	7699	8561	4567	10336	7383	5864	4567	7402	5864	5350	5294	19957	10336	8013	5864	8110	8986	15805	5185	5185	16829	16829	9717	8986	816	8131	816	5237	8986	7185	816	8986	5237	816	22217	22217	1384	8205	6594	6594	6761	686	1976	14293	13906	3979	3488	26234	15340	297	9519	3121	3121	17322	3977	1364	7908	6594	4638	1118	24060	4311	15399	392	1364	392	239	6594	683	6594	6594	4567	24060	355	16073	9091	14579	11103	15399	6481	608	683	8307
9112	1847	1248	1847	1738	1494	861	1738	15097	10713	0	1519	8754	3356	1287	14828	1801	1738	0	1738	1815	9956	10516	1815	273	11875	1738	4692	14924	1738	1541	8754	1208	1110	1110	1110	1110	1110	21275	15330	1738	1519	1110	1110	1071	1519	12606	3748	6215	4378	5725	7526	5942	13906	6974	5548	5264	4378	5942	6215	6215	8754	5725	5942	5942	5725	15638	6215	6215	7077	6215	11252	2412	11903	5942	13600	2412	5725	6215	5548	5264	5548	5942	4378	6215	2412	5548	4378	5942	5942	6215	6215	6215	11903	11252	1738	8253	8253	8253	8253	8253	8263	8253	8253	8253	8253	8265	8253	8253	17805	9112	8310	2183	8739	8253	5193	9112	9112	8383	8310	9765	1287	2655	9966	8265	11846	9765	8253	9863	4201	6215	8253	3748	9112	6215	10112	9112	5815	5462	11846	8253	4174	9112	2655	17726	6261	10247	10247	8939	8939	4605	17726	9992	4422	9992	10369	17726	17898	9992	17726	10369	9992	14913	14913	11937	13751	14688	14688	15139	11394	8754	3708	11244	13707	13437	20354	7271	10615	16757	13763	13763	11668	13614	11892	15897	14688	14123	9624	19112	14002	11104	10578	11892	10578	10474	14688	11396	14688	14688	6215	19112	10633	12604	1738	15821	1001	11104	7821	11309	11396	18814
7616	816	1272	816	255	463	1274	255	14964	9345	1519	0	7373	1857	486	14605	2909	255	1519	255	3121	8515	10236	3121	1650	10466	255	3175	13515	255	3029	7373	860	471	471	471	471	471	20115	15288	255	0	471	471	1224	0	12160	2230	4951	2865	4355	6107	4679	12415	5719	4208	3878	2865	4679	4951	4951	7373	4355	4679	4679	4355	14153	4951	4951	5900	4951	9850	2457	11623	4679	12284	2457	4355	4951	4208	3878	4208	4679	2865	4951	2457	4208	2865	4679	4679	4951	4951	4951	11623	9850	255	7166	7166	7166	7166	7166	7168	7166	7166	7166	7166	7157	7166	7166	16902	7616	7170	837	7265	7166	5836	7616	7616	6882	7170	8367	486	1237	8553	7157	12210	8367	7166	8448	2895	4951	7166	2230	7616	4951	8675	7616	4317	4201	12210	7166	2751	7616	1237	16207	6964	8733	8733	9158	9158	3601	16207	8601	3038	8601	8856	16207	16521	8601	16207	8856	8601	15129	15129	10529	12273	13169	13169	13620	10020	7373	5220	10436	12222	11966	20342	7473	9229	15253	12356	12356	11431	12127	10482	14379	13169	12626	8242	18906	12513	10571	9187	10482	9187	9109	13169	10028	13169	13169	4951	18906	9243	11984	255	14676	1767	10571	6349	9933	10028	17363
4883	7650	8541	7650	7119	7265	8638	7119	19263	1976	8754	7373	0	5592	7471	18615	9227	7119	8754	7119	9690	6435	14563	9690	8766	3138	7119	4639	10452	7119	9998	0	7575	7843	7843	7843	7843	7843	18728	19870	7119	7373	7843	7843	8549	7373	15607	5414	2698	4803	3028	1336	2944	5644	2096	3212	3496	4803	2944	2698	2698	0	3028	2944	2944	3028	7227	2698	2698	2413	2698	2509	9318	15753	2944	10548	9318	3028	2698	3212	3496	3212	2944	4803	2698	9318	3212	4803	2944	2944	2698	2698	2698	15753	2509	7119	8895	8895	8895	8895	8895	8845	8895	8895	8895	8895	8767	8895	8895	17547	4883	8579	6588	5292	8895	12735	4883	4883	4528	8579	6950	7471	6139	6858	8767	18147	6950	8895	6776	6671	2698	8895	5414	4883	2698	6574	4883	3423	3388	18147	8895	6104	4883	6139	10152	13858	4666	4666	15005	15005	7869	10152	1242	6247	1242	4758	10152	9149	1242	10152	4758	1242	20511	20511	3198	8286	7422	7422	7707	2647	0	12361	12602	5370	4975	24739	13480	1861	10206	5018	5018	15733	5321	3157	8771	7422	5942	870	22670	5699	13927	1825	3157	1825	1743	7422	2657	7422	7422	2698	22670	1879	14734	7119	13989	9128	13927	5117	2560	2657	10146
5962	2061	2951	2061	1620	1907	3076	1620	15412	7568	3356	1857	5592	0	2103	14950	4432	1620	3356	1620	4759	7026	10599	4759	3446	8650	1620	1374	12058	1620	4809	5592	2351	2319	2319	2319	2319	2319	19090	15838	1620	1857	2319	2319	2969	1857	12269	509	3374	1040	2633	4295	3117	10558	4125	2544	2151	1040	3117	3374	3374	5592	2633	3117	3117	2633	12296	3374	3374	4413	3374	8039	3793	11951	3117	11035	3793	2633	3374	2544	2151	2544	3117	1040	3374	3793	2544	1040	3117	3117	3374	3374	3374	11951	8039	1620	6476	6476	6476	6476	6476	6461	6476	6476	6476	6476	6429	6476	6476	16306	5962	6382	1249	5694	6476	7262	5962	5962	5215	6382	6988	2103	791	7135	6429	13237	6988	6476	7027	2230	3374	6476	509	5962	3374	7193	5962	2461	2674	13237	6476	1729	5962	791	14397	8399	6990	6990	10104	10104	3436	14397	6804	2086	6804	7115	14397	14720	6804	14397	7115	6804	15967	15967	8714	10648	11366	11366	11807	8234	5592	7064	10084	10365	10111	20879	8457	7436	13539	10537	10537	11816	10270	8665	12598	11366	10770	6455	19226	10656	10604	7388	8665	7388	7335	11366	8249	11366	11366	3374	19226	7446	11865	1620	13715	3559	10604	4803	8145	8249	15515
7984	1270	1478	1270	563	207	1346	563	15366	9434	1287	486	7471	2103	0	15023	2463	563	1287	563	2713	8927	10659	2713	1346	10589	563	3467	13938	563	2705	7471	374	604	604	604	604	604	20592	15674	563	486	604	604	1376	486	12609	2534	4962	3141	4443	6238	4689	12629	5727	4271	3979	3141	4689	4962	4962	7471	4443	4689	4689	4443	14357	4962	4962	5862	4962	9967	2755	12047	4689	12739	2755	4443	4962	4271	3979	4271	4689	3141	4962	2755	4271	3141	4689	4689	4962	4962	4962	12047	9967	563	7651	7651	7651	7651	7651	7652	7651	7651	7651	7651	7641	7651	7651	17389	7984	7653	896	7656	7651	6029	7984	7984	7244	7653	8799	0	1372	8979	7641	12501	8799	7651	8873	3367	4962	7651	2534	7984	4962	9089	7984	4548	4208	12501	7651	3191	7984	1372	16500	7145	9067	9067	9479	9479	4086	16500	8708	3491	8708	9191	16500	16618	8708	16500	9191	8708	15460	15460	10651	12654	13468	13468	13911	10114	7471	4978	10918	12427	12153	20725	7793	9332	15604	12478	12478	11848	12336	10606	14694	13468	12850	8342	19323	12723	11030	9294	10606	9294	9196	13468	10117	13468	13468	4962	19323	9349	12453	563	15155	1813	11030	6744	10029	10117	17526
14426	13791	13706	13791	14726	15065	14030	14726	944	20104	14828	14605	18615	14950	15023	0	16526	14726	14828	14726	16311	13349	4373	16311	15095	20430	14726	14833	14377	14726	15611	18615	15342	14454	14454	14454	14454	14454	13688	1895	14726	14605	14454	14454	13869	14605	3092	14672	17780	14917	16855	17470	17602	20172	18349	16944	16506	14917	17602	17780	17780	18615	16855	17602	17602	16855	21607	17780	17780	18830	17780	20074	12428	3000	17602	12122	12428	16855	17780	16944	16506	16944	17602	14917	17780	12428	16944	14917	17602	17602	17780	17780	17780	3000	20074	14726	9767	9767	9767	9767	9767	9823	9767	9767	9767	9767	9907	9767	9767	8167	14426	10118	15165	13797	9767	10589	14426	14426	14402	10118	12625	15023	15185	12877	9907	5811	12625	9767	12893	12796	17780	9767	14672	14426	17780	13316	14426	15638	17297	5811	9767	13393	14426	15185	20854	10161	15546	15546	6602	6602	11524	20854	19334	13087	19334	15566	20854	25607	19334	20854	15566	19334	4311	4311	20493	15601	18663	18663	19162	20520	18615	15588	6472	20233	20395	6129	7920	19833	18361	21838	21838	3174	20080	20431	18975	18663	20110	19183	4301	20319	4705	19744	20431	19744	19958	18663	20601	18663	18663	17780	4301	19797	4384	14726	10370	13837	4705	13623	20435	20601	24990
10389	3506	3048	3506	3026	2612	2663	3026	16757	11110	1801	2909	9227	4432	2463	16526	0	3026	1801	3026	518	11381	12247	518	1531	12361	3026	5802	16398	3026	1204	9227	2127	2680	2680	2680	2680	2680	22986	16947	3026	2909	2680	2680	2871	2909	14375	4912	6546	5462	6295	8133	6289	14666	7248	6065	5896	5462	6289	6546	6546	9227	6295	6289	6289	6295	16354	6546	6546	7209	6546	11729	4176	13629	6289	15194	4176	6295	6546	6065	5896	6065	6289	5462	6546	4176	6065	5462	6289	6289	6546	6546	6546	13629	11729	3026	9987	9987	9987	9987	9987	9994	9987	9987	9987	9987	9990	9987	9987	19597	10389	10021	3190	10091	9987	6505	10389	10389	9644	10021	11261	2463	3642	11440	9990	13233	11261	9987	11333	5797	6546	9987	4912	10389	6546	11543	10389	6745	5839	13233	9987	5653	10389	3642	18734	7471	11413	11413	10456	10456	6351	18734	10463	5947	10463	11539	18734	18241	10463	18734	11539	10463	16381	16381	12418	15073	15725	15725	16147	11796	9227	3350	13043	14437	14112	21941	8825	11058	17967	14224	14224	13381	14359	12380	16983	15725	14913	10079	20793	14748	12892	11036	12380	11036	10870	15725	11781	15725	15725	6546	20793	11087	14400	3026	17538	2723	12892	9184	11718	11781	19373
7436	946	1516	946	0	439	1529	0	15098	9091	1738	255	7119	1620	563	14726	3026	0	1738	0	3270	8366	10354	3270	1847	10215	0	2956	13376	0	3224	7119	914	724	724	724	724	724	20050	15435	0	255	724	724	1476	255	12249	2014	4697	2640	4100	5855	4425	12178	5465	3953	3624	2640	4425	4697	4697	7119	4100	4425	4425	4100	13914	4697	4697	5649	4697	9598	2666	11738	4425	12179	2666	4100	4697	3953	3624	3953	4425	2640	4697	2666	3953	2640	4425	4425	4697	4697	4697	11738	9598	0	7134	7134	7134	7134	7134	7133	7134	7134	7134	7134	7120	7134	7134	16900	7436	7124	591	7099	7134	6069	7436	7436	6698	7124	8236	563	982	8416	7120	12409	8236	7134	8310	2823	4697	7134	2014	7436	4697	8527	7436	4082	3947	12409	7134	2629	7436	982	15993	7199	8535	8535	9345	9345	3612	15993	8348	2932	8348	8658	15993	16267	8348	15993	8658	8348	15309	15309	10278	12102	12957	12957	13405	9766	7119	5446	10460	11983	11723	20489	7661	8976	15064	12105	12105	11553	11889	10231	14173	12957	12391	7988	19027	12275	10648	8934	10231	8934	8855	12957	9774	12957	12957	4697	19027	8990	12042	0	14618	2023	10648	6186	9679	9774	17117
9112	1847	1248	1847	1738	1494	861	1738	15097	10713	0	1519	8754	3356	1287	14828	1801	1738	0	1738	1815	9956	10516	1815	273	11875	1738	4692	14924	1738	1541	8754	1208	1110	1110	1110	1110	1110	21275	15330	1738	1519	1110	1110	1071	1519	12606	3748	6215	4378	5725	7526	5942	13906	6974	5548	5264	4378	5942	6215	6215	8754	5725	5942	5942	5725	15638	6215	6215	7077	6215	11252	2412	11903	5942	13600	2412	5725	6215	5548	5264	5548	5942	4378	6215	2412	5548	4378	5942	5942	6215	6215	6215	11903	11252	1738	8253	8253	8253	8253	8253	8263	8253	8253	8253	8253	8265	8253	8253	17805	9112	8310	2183	8739	8253	5193	9112	9112	8383	8310	9765	1287	2655	9966	8265	11846	9765	8253	9863	4201	6215	8253	3748	9112	6215	10112	9112	5815	5462	11846	8253	4174	9112	2655	17726	6261	10247	10247	8939	8939	4605	17726	9992	4422	9992	10369	17726	17898	9992	17726	10369	9992	14913	14913	11937	13751	14688	14688	15139	11394	8754	3708	11244	13707	13437	20354	7271	10615	16757	13763	13763	11668	13614	11892	15897	14688	14123	9624	19112	14002	11104	10578	11892	10578	10474	14688	11396	14688	14688	6215	19112	10633	12604	1738	15821	1001	11104	7821	11309	11396	18814
7436	946	1516	946	0	439	1529	0	15098	9091	1738	255	7119	1620	563	14726	3026	0	1738	0	3270	8366	10354	3270	1847	10215	0	2956	13376	0	3224	7119	914	724	724	724	724	724	20050	15435	0	255	724	724	1476	255	12249	2014	4697	2640	4100	5855	4425	12178	5465	3953	3624	2640	4425	4697	4697	7119	4100	4425	4425	4100	13914	4697	4697	5649	4697	9598	2666	11738	4425	12179	2666	4100	4697	3953	3624	3953	4425	2640	4697	2666	3953	2640	4425	4425	4697	4697	4697	11738	9598	0	7134	7134	7134	7134	7134	7133	7134	7134	7134	7134	7120	7134	7134	16900	7436	7124	591	7099	7134	6069	7436	7436	6698	7124	8236	563	982	8416	7120	12409	8236	7134	8310	2823	4697	7134	2014	7436	4697	8527	7436	4082	3947	12409	7134	2629	7436	982	15993	7199	8535	8535	9345	9345	3612	15993	8348	2932	8348	8658	15993	16267	8348	15993	8658	8348	15309	15309	10278	12102	12957	12957	13405	9766	7119	5446	10460	11983	11723	20489	7661	8976	15064	12105	12105	11553	11889	10231	14173	12957	12391	7988	19027	12275	10648	8934	10231	8934	8855	12957	9774	12957	12957	4697	19027	8990	12042	0	14618	2023	10648	6186	9679	9774	17117
10692	3628	3047	3628	3270	2884	2655	3270	16516	11585	1815	3121	9690	4759	2713	16311	518	3270	1815	3270	0	11634	12066	0	1570	12827	3270	6134	16636	3270	769	9690	2414	2825	2825	2825	2825	2825	23089	16681	3270	3121	2825	2825	2873	3121	14232	5223	7019	5797	6735	8575	6759	15094	7730	6512	6324	5797	6759	7019	7019	9690	6735	6759	6759	6735	16791	7019	7019	7704	7019	12196	4066	13441	6759	15374	4066	6735	7019	6512	6324	6512	6759	5797	7019	4066	6512	5797	6759	6759	7019	7019	7019	13441	12196	3270	10068	10068	10068	10068	10068	10078	10068	10068	10068	10068	10079	10068	10068	19595	10692	10122	3509	10369	10068	6154	10692	10692	9950	10122	11486	2713	3977	11674	10079	12878	11486	10068	11569	5965	7019	10068	5223	10692	7019	11794	10692	7124	6303	12878	10068	5871	10692	3977	19116	7086	11749	11749	10155	10155	6420	19116	10929	6148	10929	11874	19116	18727	10929	19116	11874	10929	16051	16051	12885	15366	16098	16098	16527	12272	9690	2832	13019	14870	14554	21656	8545	11528	18297	14695	14695	13182	14790	12846	17346	16098	15336	10547	20563	15178	12780	11504	12846	11504	11346	16098	12259	16098	16098	7019	20563	11555	14310	3270	17636	2620	12780	9456	12193	12259	19835
1565	8135	8983	8135	8366	8769	9311	8366	14140	7293	9956	8515	6435	7026	8927	13349	11381	8366	9956	8366	11634	0	9964	11634	10138	7285	8366	5746	5031	8366	11497	6435	9253	8853	8853	8853	8853	8853	12584	14904	8366	8515	8853	8853	9110	8515	10258	6521	7271	6082	6594	5857	7282	6863	7370	6846	6620	6082	7282	7271	7271	6435	6594	7282	7282	6594	8411	7271	7271	7932	7271	7051	8850	10839	7282	4301	8850	6594	7271	6846	6620	6846	7282	6082	7271	8850	6846	6082	7282	7282	7271	7271	7271	10839	7051	8366	4053	4053	4053	4053	4053	3988	4053	4053	4053	4053	3902	4053	4053	11126	1565	3661	8216	1408	4053	11270	1565	1565	2132	3661	726	8927	7804	483	3902	14546	726	4053	456	5821	7271	4053	6521	1565	7271	170	1565	5326	7332	14546	4053	5782	1565	7804	8769	12166	2233	2233	11714	11714	6044	8769	6657	5543	6657	2236	8769	12276	6657	8769	2236	6657	16147	16147	7342	3906	5920	5920	6447	7541	6435	13436	6910	6900	7045	19407	10659	6998	7114	8521	8521	10947	6748	7281	6753	5920	6839	6654	17050	7009	8738	6903	7281	6903	7215	5920	7639	5920	5920	7271	17050	6946	9083	8366	7591	9649	8738	2229	7468	7639	11890
10772	9421	9366	9421	10354	10697	9701	10354	4819	16179	10516	10236	14563	10599	10659	4373	12247	10354	10516	10354	12066	9964	0	12066	10785	16650	10354	10556	12280	10354	11393	14563	10983	10095	10095	10095	10095	10095	14249	5326	10354	10236	10095	10095	9532	10236	2380	10339	13519	10617	12598	13355	13328	16805	14121	12670	12228	10617	13328	13519	13519	14563	12598	13328	13328	12598	18376	13519	13519	14581	13519	16235	8105	1390	13328	10007	8105	12598	13519	12670	12228	12670	13328	10617	13519	8105	12670	10617	13328	13328	13519	13519	13519	1390	16235	10354	6008	6008	6008	6008	6008	6071	6008	6008	6008	6008	6160	6008	6008	9207	10772	6395	10791	10109	6008	6728	10772	10772	10610	6395	9247	10659	10815	9532	6160	5018	9247	6008	9520	8476	13519	6008	10339	10772	13519	9972	10772	11437	13003	5018	6008	9082	10772	10815	18254	6606	12024	12024	3455	3455	7189	18254	15383	8789	15383	12068	18254	22165	15383	18254	12068	15383	6187	6187	16715	12924	15712	15712	16234	16651	14563	11640	3983	16816	16901	10310	4097	15922	16005	18199	18199	1217	16667	16653	16269	15712	16797	15195	8673	16949	1887	15837	16653	15837	16013	15712	16723	15712	15712	13519	8673	15893	3268	10354	9583	9536	1887	9769	16563	16723	21850
10692	3628	3047	3628	3270	2884	2655	3270	16516	11585	1815	3121	9690	4759	2713	16311	518	3270	1815	3270	0	11634	12066	0	1570	12827	3270	6134	16636	3270	769	9690	2414	2825	2825	2825	2825	2825	23089	16681	3270	3121	2825	2825	2873	3121	14232	5223	7019	5797	6735	8575	6759	15094	7730	6512	6324	5797	6759	7019	7019	9690	6735	6759	6759	6735	16791	7019	7019	7704	7019	12196	4066	13441	6759	15374	4066	6735	7019	6512	6324	6512	6759	5797	7019	4066	6512	5797	6759	6759	7019	7019	7019	13441	12196	3270	10068	10068	10068	10068	10068	10078	10068	10068	10068	10068	10079	10068	10068	19595	10692	10122	3509	10369	10068	6154	10692	10692	9950	10122	11486	2713	3977	11674	10079	12878	11486	10068	11569	5965	7019	10068	5223	10692	7019	11794	10692	7124	6303	12878	10068	5871	10692	3977	19116	7086	11749	11749	10155	10155	6420	19116	10929	6148	10929	11874	19116	18727	10929	19116	11874	10929	16051	16051	12885	15366	16098	16098	16527	12272	9690	2832	13019	14870	14554	21656	8545	11528	18297	14695	14695	13182	14790	12846	17346	16098	15336	10547	20563	15178	12780	11504	12846	11504	11346	16098	12259	16098	16098	7019	20563	11555	14310	3270	17636	2620	12780	9456	12193	12259	19835
9265	2063	1516	2063	1847	1549	1132	1847	15359	10717	273	1650	8766	3446	1346	15095	1531	1847	273	1847	1570	10138	10785	1570	0	11895	1847	4801	15118	1847	1379	8766	1190	1285	1285	1285	1285	1285	21519	15587	1847	1650	1285	1285	1339	1650	12878	3861	6195	4479	5742	7556	5924	13973	6949	5555	5289	4479	5924	6195	6195	8766	5742	5924	5924	5742	15699	6195	6195	7030	6195	11269	2682	12172	5924	13818	2682	5742	6195	5555	5289	5555	5924	4479	6195	2682	5555	4479	5924	5924	6195	6195	6195	12172	11269	1847	8500	8500	8500	8500	8500	8510	8500	8500	8500	8500	8510	8500	8500	18070	9265	8552	2237	8906	8500	5400	9265	9265	8532	8552	9962	1346	2716	10158	8510	12072	9962	8500	10054	4411	6195	8500	3861	9265	6195	10295	9265	5895	5445	12072	8500	4357	9265	2716	17838	6455	10380	10380	9181	9181	4854	17838	10007	4616	10007	10504	17838	17901	10007	17838	10504	10007	15152	15152	11956	13916	14803	14803	15249	11400	8766	3634	11512	13769	13490	20609	7518	10626	16903	13782	13782	11936	13679	11912	16021	14803	14195	9635	19377	14066	11377	10591	11912	10591	10478	14803	11399	14803	14803	6195	19377	10646	12876	1847	16066	1260	11377	7989	11316	11399	18851
6015	10685	11599	10685	10215	10382	11720	10215	21160	1342	11875	10466	3138	8650	10589	20430	12361	10215	11875	10215	12827	7285	16650	12827	11895	0	10215	7563	9901	10215	13136	3138	10705	10937	10937	10937	10937	10937	18360	21852	10215	10466	10937	10937	11619	10466	17350	8416	5817	7778	6152	4359	6071	3042	5151	6346	6610	7778	6071	5817	5817	3138	6152	6071	6071	6152	4319	5817	5817	5329	5817	631	12284	17720	6071	10676	12284	6152	5817	6346	6610	6346	6071	7778	5817	12284	6346	7778	6071	6071	5817	5817	5817	17720	631	10215	10699	10699	10699	10699	10699	10639	10699	10699	10699	10699	10553	10699	10699	18125	6015	10331	9700	6633	10699	15631	6015	6015	6050	10331	7965	10589	9242	7767	10553	20638	7965	10699	7722	9422	5817	10699	8416	6015	5817	7368	6015	6314	6524	20638	10699	8910	6015	9242	7740	16735	5066	5066	17542	17542	10504	7740	1898	8986	1898	5087	7740	6082	1898	7740	5087	1898	22763	22763	67	7535	5535	5535	5638	769	3138	15498	14105	2714	2195	26545	16110	1314	8478	1889	1889	17759	2734	23	6804	5535	3394	2281	24278	3038	15735	1327	23	1327	1562	5535	862	5535	5535	5817	24278	1278	16285	10215	14233	12207	15735	6880	798	862	7017
7436	946	1516	946	0	439	1529	0	15098	9091	1738	255	7119	1620	563	14726	3026	0	1738	0	3270	8366	10354	3270	1847	10215	0	2956	13376	0	3224	7119	914	724	724	724	724	724	20050	15435	0	255	724	724	1476	255	12249	2014	4697	2640	4100	5855	4425	12178	5465	3953	3624	2640	4425	4697	4697	7119	4100	4425	4425	4100	13914	4697	4697	5649	4697	9598	2666	11738	4425	12179	2666	4100	4697	3953	3624	3953	4425	2640	4697	2666	3953	2640	4425	4425	4697	4697	4697	11738	9598	0	7134	7134	7134	7134	7134	7133	7134	7134	7134	7134	7120	7134	7134	16900	7436	7124	591	7099	7134	6069	7436	7436	6698	7124	8236	563	982	8416	7120	12409	8236	7134	8310	2823	4697	7134	2014	7436	4697	8527	7436	4082	3947	12409	7134	2629	7436	982	15993	7199	8535	8535	9345	9345	3612	15993	8348	2932	8348	8658	15993	16267	8348	15993	8658	8348	15309	15309	10278	12102	12957	12957	13405	9766	7119	5446	10460	11983	11723	20489	7661	8976	15064	12105	12105	11553	11889	10231	14173	12957	12391	7988	19027	12275	10648	8934	10231	8934	8855	12957	9774	12957	12957	4697	19027	8990	12042	0	14618	2023	10648	6186	9679	9774	17117
4609	3185	4126	3185	2956	3275	4317	2956	15367	6585	4692	3175	4639	1374	3467	14833	5802	2956	4692	2956	6134	5746	10556	6134	4801	7563	2956	0	10769	2956	6171	4639	3725	3617	3617	3617	3617	3617	18012	15867	2956	3175	3617	3617	4178	3175	12010	945	2966	343	2053	3303	2772	9285	3608	2114	1674	343	2772	2966	2966	4639	2053	2772	2772	2053	11034	2966	2966	4035	2966	6975	4720	11859	2772	9860	4720	2053	2966	2114	1674	2114	2772	343	2966	4720	2114	343	2772	2772	2966	2966	2966	11859	6975	2956	5773	5773	5773	5773	5773	5747	5773	5773	5773	5773	5700	5773	5773	15509	4609	5609	2624	4381	5773	8101	4609	4609	3861	5609	5774	3467	2160	5895	5700	13664	5774	5773	5786	2149	2966	5773	945	4609	2966	5915	4609	1249	2472	13664	5773	1539	4609	2160	13037	9221	5615	5615	10511	10511	3438	13037	5788	1779	5788	5740	13037	13645	5788	13037	5740	5788	16217	16217	7629	9295	10002	10002	10448	7223	4639	8395	9526	9107	8882	20865	8928	6418	12166	9434	9434	11768	9005	7577	11227	10002	9482	5468	19057	9388	10316	6360	7577	6360	6362	10002	7251	10002	10002	2966	19057	6419	11446	2956	12698	4778	10316	3517	7132	7251	14312
6277	13085	13891	13085	13376	13786	14237	13376	15296	10527	14924	13515	10452	12058	13938	14377	16398	13376	14924	13376	16636	5031	12280	16636	15118	9901	13376	10769	0	13376	16462	10452	14271	13833	13833	13833	13833	13833	8460	16202	13376	13515	13833	13833	14029	13515	11560	11552	11965	11107	11414	10308	12027	7845	11901	11680	11512	11107	12027	11965	11965	10452	11414	12027	12027	11414	8583	11965	11965	12435	11965	9978	13596	12657	12027	2293	13596	11414	11965	11680	11512	11680	12027	11107	11965	13596	11680	11107	12027	12027	11965	11965	11965	12657	9978	13376	7674	7674	7674	7674	7674	7625	7674	7674	7674	7674	7567	7674	7674	9104	6277	7387	13244	6391	7674	15525	6277	6277	6998	7387	5159	13938	12835	4962	7567	17278	5159	7674	5067	10737	11965	7674	11552	6277	11965	4865	6277	10246	12155	17278	7674	10766	6277	12835	6641	16258	5848	5848	14941	14941	10722	6641	10171	10502	10171	5740	6641	12801	10171	6641	5740	10171	18052	18052	9933	2372	5311	5311	5663	10468	10452	18298	8362	8082	8515	19880	14303	10247	4020	10277	10277	12906	7947	9887	5020	5311	7598	10329	17180	7970	10552	10160	9887	10160	10552	5311	10581	5311	5311	11965	17180	10181	10080	13376	4996	14540	10552	7257	10427	10581	11432
7436	946	1516	946	0	439	1529	0	15098	9091	1738	255	7119	1620	563	14726	3026	0	1738	0	3270	8366	10354	3270	1847	10215	0	2956	13376	0	3224	7119	914	724	724	724	724	724	20050	15435	0	255	724	724	1476	255	12249	2014	4697	2640	4100	5855	4425	12178	5465	3953	3624	2640	4425	4697	4697	7119	4100	4425	4425	4100	13914	4697	4697	5649	4697	9598	2666	11738	4425	12179	2666	4100	4697	3953	3624	3953	4425	2640	4697	2666	3953	2640	4425	4425	4697	4697	4697	11738	9598	0	7134	7134	7134	7134	7134	7133	7134	7134	7134	7134	7120	7134	7134	16900	7436	7124	591	7099	7134	6069	7436	7436	6698	7124	8236	563	982	8416	7120	12409	8236	7134	8310	2823	4697	7134	2014	7436	4697	8527	7436	4082	3947	12409	7134	2629	7436	982	15993	7199	8535	8535	9345	9345	3612	15993	8348	2932	8348	8658	15993	16267	8348	15993	8658	8348	15309	15309	10278	12102	12957	12957	13405	9766	7119	5446	10460	11983	11723	20489	7661	8976	15064	12105	12105	11553	11889	10231	14173	12957	12391	7988	19027	12275	10648	8934	10231	8934	8855	12957	9774	12957	12957	4697	19027	8990	12042	0	14618	2023	10648	6186	9679	9774	17117
10643	3377	2647	3377	3224	2902	2268	3224	15798	11925	1541	3029	9998	4809	2705	15611	1204	3224	1541	3224	769	11497	11393	769	1379	13136	3224	6171	16462	3224	0	9998	2486	2648	2648	2648	2648	2648	22709	15948	3224	3029	2648	2648	2486	3029	13589	5234	7367	5846	6996	8829	7100	15295	8101	6791	6560	5846	7100	7367	7367	9998	6996	7100	7100	6996	17011	7367	7367	8123	7367	12507	3501	12762	7100	15113	3501	6996	7367	6791	6560	6791	7100	5846	7367	3501	6791	5846	7100	7100	7367	7367	7367	12762	12507	3224	9682	9682	9682	9682	9682	9697	9682	9682	9682	9682	9704	9682	9682	19089	10643	9763	3579	10278	9682	5390	10643	10643	9910	9763	11303	2705	4059	11506	9704	12112	11303	9682	11403	5731	7367	9682	5234	10643	7367	11654	10643	7242	6631	12112	9682	5716	10643	4059	19206	6317	11759	11759	9408	9408	6042	19206	11240	5962	11240	11882	19206	19096	11240	19206	11882	11240	15290	15290	13196	15289	16173	16173	16616	12612	9998	2368	12496	15083	14790	20912	7810	11851	18282	15016	15016	12494	14997	13154	17396	16173	15524	10863	19851	15385	12168	11821	13154	11821	11686	16173	12604	16173	16173	7367	19851	11874	13717	3224	17254	2107	12168	9360	12530	12604	20122
4883	7650	8541	7650	7119	7265	8638	7119	19263	1976	8754	7373	0	5592	7471	18615	9227	7119	8754	7119	9690	6435	14563	9690	8766	3138	7119	4639	10452	7119	9998	0	7575	7843	7843	7843	7843	7843	18728	19870	7119	7373	7843	7843	8549	7373	15607	5414	2698	4803	3028	1336	2944	5644	2096	3212	3496	4803	2944	2698	2698	0	3028	2944	2944	3028	7227	2698	2698	2413	2698	2509	9318	15753	2944	10548	9318	3028	2698	3212	3496	3212	2944	4803	2698	9318	3212	4803	2944	2944	2698	2698	2698	15753	2509	7119	8895	8895	8895	8895	8895	8845	8895	8895	8895	8895	8767	8895	8895	17547	4883	8579	6588	5292	8895	12735	4883	4883	4528	8579	6950	7471	6139	6858	8767	18147	6950	8895	6776	6671	2698	8895	5414	4883	2698	6574	4883	3423	3388	18147	8895	6104	4883	6139	10152	13858	4666	4666	15005	15005	7869	10152	1242	6247	1242	4758	10152	9149	1242	10152	4758	1242	20511	20511	3198	8286	7422	7422	7707	2647	0	12361	12602	5370	4975	24739	13480	1861	10206	5018	5018	15733	5321	3157	8771	7422	5942	870	22670	5699	13927	1825	3157	1825	1743	7422	2657	7422	7422	2698	22670	1879	14734	7119	13989	9128	13927	5117	2560	2657	10146
8280	1630	1709	1630	914	485	1502	914	15675	9526	1208	860	7575	2351	374	15342	2127	914	1208	914	2414	9253	10983	2414	1190	10705	914	3725	14271	914	2486	7575	0	888	888	888	888	888	20960	15969	914	860	888	888	1580	860	12953	2809	5012	3391	4552	6371	4740	12811	5769	4364	4102	3391	4740	5012	5012	7575	4552	4740	4740	4552	14531	5012	5012	5868	5012	10080	3012	12373	4740	13093	3012	4552	5012	4364	4102	4364	4740	3391	5012	3012	4364	3391	4740	4740	5012	5012	5012	12373	10080	914	8025	8025	8025	8025	8025	8026	8025	8025	8025	8025	8014	8025	8025	17762	8280	8025	1103	7968	8025	6191	8280	8280	7537	8025	9138	374	1580	9313	8014	12727	9138	8025	9207	3734	5012	8025	2809	8280	5012	9415	8280	4759	4260	12727	8025	3540	8280	1580	16738	7295	9338	9338	9729	9729	4459	16738	8816	3846	8816	9463	16738	16711	8816	16738	9463	8816	15714	15714	10766	12958	13711	13711	14148	10210	7575	4809	11288	12602	12315	21017	8044	9435	15884	12592	12592	12168	12514	10723	14948	13711	13039	8445	19642	12902	11381	9401	10723	9401	9287	13711	10209	13711	13711	5012	19642	9455	12811	914	15525	1925	11381	7059	10126	10209	17667
8002	830	880	830	724	732	813	724	14786	9816	1110	471	7843	2319	604	14454	2680	724	1110	724	2825	8853	10095	2825	1285	10937	724	3617	13833	724	2648	7843	888	0	0	0	0	0	20306	15085	724	471	0	0	795	471	12076	2672	5410	3314	4824	6578	5138	12874	6178	4676	4349	3314	5138	5410	5410	7843	4824	5138	5138	4824	14614	5410	5410	6348	5410	10321	2151	11485	5138	12548	2151	4824	5410	4676	4349	4676	5138	3314	5410	2151	4676	3314	5138	5138	5410	5410	5410	11485	10321	724	7313	7313	7313	7313	7313	7319	7313	7313	7313	7313	7314	7313	7313	16985	8002	7342	1287	7630	7313	5446	8002	8002	7273	7342	8677	604	1706	8872	7314	11898	8677	7313	8768	3139	5410	7313	2672	8002	5410	9011	8002	4776	4659	11898	7313	3072	8002	1706	16637	6568	9142	9142	8875	8875	3694	16637	9072	3332	9072	9264	16637	16992	9072	16637	9264	9072	14856	14856	11000	12641	13596	13596	14051	10490	7843	4782	10476	12683	12430	20134	7189	9700	15647	12827	12827	11280	12587	10953	14797	13596	13082	8712	18753	12973	10513	9658	10953	9658	9579	13596	10499	13596	13596	5410	18753	9714	11958	724	14858	1305	10513	6711	10404	10499	17830
8002	830	880	830	724	732	813	724	14786	9816	1110	471	7843	2319	604	14454	2680	724	1110	724	2825	8853	10095	2825	1285	10937	724	3617	13833	724	2648	7843	888	0	0	0	0	0	20306	15085	724	471	0	0	795	471	12076	2672	5410	3314	4824	6578	5138	12874	6178	4676	4349	3314	5138	5410	5410	7843	4824	5138	5138	4824	14614	5410	5410	6348	5410	10321	2151	11485	5138	12548	2151	4824	5410	4676	4349	4676	5138	3314	5410	2151	4676	3314	5138	5138	5410	5410	5410	11485	10321	724	7313	7313	7313	7313	7313	7319	7313	7313	7313	7313	7314	7313	7313	16985	8002	7342	1287	7630	7313	5446	8002	8002	7273	7342	8677	604	1706	8872	7314	11898	8677	7313	8768	3139	5410	7313	2672	8002	5410	9011	8002	4776	4659	11898	7313	3072	8002	1706	16637	6568	9142	9142	8875	8875	3694	16637	9072	3332	9072	9264	16637	16992	9072	16637	9264	9072	14856	14856	11000	12641	13596	13596	14051	10490	7843	4782	10476	12683	12430	20134	7189	9700	15647	12827	12827	11280	12587	10953	14797	13596	13082	8712	18753	12973	10513	9658	10953	9658	9579	13596	10499	13596	13596	5410	18753	9714	11958	724	14858	1305	10513	6711	10404	10499	17830
8002	830	880	830	724	732	813	724	14786	9816	1110	471	7843	2319	604	14454	2680	724	1110	724	2825	8853	10095	2825	1285	10937	724	3617	13833	724	2648	7843	888	0	0	0	0	0	20306	15085	724	471	0	0	795	471	12076	2672	5410	3314	4824	6578	5138	12874	6178	4676	4349	3314	5138	5410	5410	7843	4824	5138	5138	4824	14614	5410	5410	6348	5410	10321	2151	11485	5138	12548	2151	4824	5410	4676	4349	4676	5138	3314	5410	2151	4676	3314	5138	5138	5410	5410	5410	11485	10321	724	7313	7313	7313	7313	7313	7319	7313	7313	7313	7313	7314	7313	7313	16985	8002	7342	1287	7630	7313	5446	8002	8002	7273	7342	8677	604	1706	8872	7314	11898	8677	7313	8768	3139	5410	7313	2672	8002	5410	9011	8002	4776	4659	11898	7313	3072	8002	1706	16637	6568	9142	9142	8875	8875	3694	16637	9072	3332	9072	9264	16637	16992	9072	16637	9264	9072	14856	14856	11000	12641	13596	13596	14051	10490	7843	4782	10476	12683	12430	20134	7189	9700	15647	12827	12827	11280	12587	10953	14797	13596	13082	8712	18753	12973	10513	9658	10953	9658	9579	13596	10499	13596	13596	5410	18753	9714	11958	724	14858	1305	10513	6711	10404	10499	17830
